   10    11   326   293 
   11    12   327   326 
   12    13   328   327 
   13    14   329   328 
   14    15   330   329 
   15    16   331   330 
   16    17   332   331 
   17    18   333   332 
   18    19   334   333 
   19    20   335   334 
   20     1    21   335 
  293   326   336   292 
  326   327   337   336 
  327   328   338   337 
  328   329   339   338 
  329   330   340   339 
  330   331   341   340 
  331   332   342   341 
  332   333   343   342 
  333   334   344   343 
  334   335   345   344 
  335    21    22   345 
  292   336   346   291 
  336   337   347   346 
  337   338   348   347 
  338   339   349   348 
  339   340   350   349 
  340   341   351   350 
  341   342   352   351 
  342   343   353   352 
  343   344   354   353 
  344   345   355   354 
  345    22    23   355 
  291   346   356   290 
  346   347   357   356 
  347   348   358   357 
  348   349   359   358 
  349   350   360   359 
  350   351   361   360 
  351   352   362   361 
  352   353   363   362 
  353   354   364   363 
  354   355   365   364 
  355    23    24   365 
  290   356   366   289 
  356   357   367   366 
  357   358   368   367 
  358   359   369   368 
  359   360   370   369 
  360   361   371   370 
  361   362   372   371 
  362   363   373   372 
  363   364   374   373 
  364   365   375   374 
  365    24    25   375 
  289   366   376   288 
  366   367   377   376 
  367   368   378   377 
  368   369   379   378 
  369   370   380   379 
  370   371   381   380 
  371   372   382   381 
  372   373   383   382 
  373   374   384   383 
  374   375   385   384 
  375    25    26   385 
  288   376   386   287 
  376   377   387   386 
  377   378   388   387 
  378   379   389   388 
  379   380   390   389 
  380   381   391   390 
  381   382   392   391 
  382   383   393   392 
  383   384   394   393 
  384   385   395   394 
  385    26    27   395 
  287   386   396   286 
  386   387   397   396 
  387   388   398   397 
  388   389   399   398 
  389   390   400   399 
  390   391   401   400 
  391   392   402   401 
  392   393   403   402 
  393   394   404   403 
  394   395   405   404 
  395    27    28   405 
  286   396   406   285 
  396   397   407   406 
  397   398   408   407 
  398   399   409   408 
  399   400   410   409 
  400   401   411   410 
  401   402   412   411 
  402   403   413   412 
  403   404   414   413 
  404   405   415   414 
  405    28    29   415 
  285   406   416   284 
  406   407   417   416 
  407   408   418   417 
  408   409   419   418 
  409   410   420   419 
  410   411   421   420 
  411   412   422   421 
  412   413   423   422 
  413   414   424   423 
  414   415   425   424 
  415    29    30   425 
  284   416   426   283 
  416   417   427   426 
  417   418   428   427 
  418   419   429   428 
  419   420   430   429 
  420   421   431   430 
  421   422   432   431 
  422   423   433   432 
  423   424   434   433 
  424   425   435   434 
  425    30    31   435 
  283   426   436   282 
  426   427   437   436 
  427   428   438   437 
  428   429   439   438 
  429   430   440   439 
  430   431   441   440 
  431   432   442   441 
  432   433   443   442 
  433   434   444   443 
  434   435   445   444 
  435    31    32   445 
  282   436   446   281 
  436   437   447   446 
  437   438   448   447 
  438   439   449   448 
  439   440   450   449 
  440   441   451   450 
  441   442   452   451 
  442   443   453   452 
  443   444   454   453 
  444   445   455   454 
  445    32    33   455 
  281   446   456   280 
  446   447   457   456 
  447   448   458   457 
  448   449   459   458 
  449   450   460   459 
  450   451   461   460 
  451   452   462   461 
  452   453   463   462 
  453   454   464   463 
  454   455   465   464 
  455    33    34   465 
  280   456   466   279 
  456   457   467   466 
  457   458   468   467 
  458   459   469   468 
  459   460   470   469 
  460   461   471   470 
  461   462   472   471 
  462   463   473   472 
  463   464   474   473 
  464   465   475   474 
  465    34    35   475 
  279   466   476   278 
  466   467   477   476 
  467   468   478   477 
  468   469   479   478 
  469   470   480   479 
  470   471   481   480 
  471   472   482   481 
  472   473   483   482 
  473   474   484   483 
  474   475   485   484 
  475    35    36   485 
  278   476   486   277 
  476   477   487   486 
  477   478   488   487 
  478   479   489   488 
  479   480   490   489 
  480   481   491   490 
  481   482   492   491 
  482   483   493   492 
  483   484   494   493 
  484   485   495   494 
  485    36    37   495 
  277   486   496   276 
  486   487   497   496 
  487   488   498   497 
  488   489   499   498 
  489   490   500   499 
  490   491   501   500 
  491   492   502   501 
  492   493   503   502 
  493   494   504   503 
  494   495   505   504 
  495    37    38   505 
  276   496   506   275 
  496   497   507   506 
  497   498   508   507 
  498   499   509   508 
  499   500   510   509 
  500   501   511   510 
  501   502   512   511 
  502   503   513   512 
  503   504   514   513 
  504   505   515   514 
  505    38    39   515 
  275   506   516   274 
  506   507   517   516 
  507   508   518   517 
  508   509   519   518 
  509   510   520   519 
  510   511   521   520 
  511   512   522   521 
  512   513   523   522 
  513   514   524   523 
  514   515   525   524 
  515    39    40   525 
  274   516   526   273 
  516   517   527   526 
  517   518   528   527 
  518   519   529   528 
  519   520   530   529 
  520   521   531   530 
  521   522   532   531 
  522   523   533   532 
  523   524   534   533 
  524   525   535   534 
  525    40    41   535 
  273   526   536   272 
  526   527   537   536 
  527   528   538   537 
  528   529   539   538 
  529   530   540   539 
  530   531   541   540 
  531   532   542   541 
  532   533   543   542 
  533   534   544   543 
  534   535   545   544 
  535    41    42   545 
  272   536   546   271 
  536   537   547   546 
  537   538   548   547 
  538   539   549   548 
  539   540   550   549 
  540   541   551   550 
  541   542   552   551 
  542   543   553   552 
  543   544   554   553 
  544   545   555   554 
  545    42    43   555 
  271   546   556   270 
  546   547   557   556 
  547   548   558   557 
  548   549   559   558 
  549   550   560   559 
  550   551   561   560 
  551   552   562   561 
  552   553   563   562 
  553   554   564   563 
  554   555   565   564 
  555    43    44   565 
  270   556   566   269 
  556   557   567   566 
  557   558   568   567 
  558   559   569   568 
  559   560   570   569 
  560   561   571   570 
  561   562   572   571 
  562   563   573   572 
  563   564   574   573 
  564   565   575   574 
  565    44    45   575 
  269   566   576   268 
  566   567   577   576 
  567   568   578   577 
  568   569   579   578 
  569   570   580   579 
  570   571   581   580 
  571   572   582   581 
  572   573   583   582 
  573   574   584   583 
  574   575   585   584 
  575    45    46   585 
  268   576   586   267 
  576   577   587   586 
  577   578   588   587 
  578   579   589   588 
  579   580   590   589 
  580   581   591   590 
  581   582   592   591 
  582   583   593   592 
  583   584   594   593 
  584   585   595   594 
  585    46    47   595 
  267   586   596   266 
  586   587   597   596 
  587   588   598   597 
  588   589   599   598 
  589   590   600   599 
  590   591   601   600 
  591   592   602   601 
  592   593   603   602 
  593   594   604   603 
  594   595   605   604 
  595    47    48   605 
  266   596   606   265 
  596   597   607   606 
  597   598   608   607 
  598   599   609   608 
  599   600   610   609 
  600   601   611   610 
  601   602   612   611 
  602   603   613   612 
  603   604   614   613 
  604   605   615   614 
  605    48    49   615 
  265   606   616   264 
  606   607   617   616 
  607   608   618   617 
  608   609   619   618 
  609   610   620   619 
  610   611   621   620 
  611   612   622   621 
  612   613   623   622 
  613   614   624   623 
  614   615   625   624 
  615    49    50   625 
  264   616   263   253 
  616   617   262   263 
  617   618   261   262 
  618   619   260   261 
  619   620   259   260 
  620   621   258   259 
  621   622   257   258 
  622   623   256   257 
  623   624   255   256 
  624   625   254   255 
  625    50    51   254 
    2    53   626    93 
   53    54   627   626 
   54    55   628   627 
   55    56   629   628 
   56    57   630   629 
   57    58   631   630 
   58    59   632   631 
   59    60   633   632 
   60    61   634   633 
   61    62   635   634 
   62    63   294   635 
   93   626   636    92 
  626   627   637   636 
  627   628   638   637 
  628   629   639   638 
  629   630   640   639 
  630   631   641   640 
  631   632   642   641 
  632   633   643   642 
  633   634   644   643 
  634   635   645   644 
  635   294   295   645 
   92   636   646    91 
  636   637   647   646 
  637   638   648   647 
  638   639   649   648 
  639   640   650   649 
  640   641   651   650 
  641   642   652   651 
  642   643   653   652 
  643   644   654   653 
  644   645   655   654 
  645   295   296   655 
   91   646   656    90 
  646   647   657   656 
  647   648   658   657 
  648   649   659   658 
  649   650   660   659 
  650   651   661   660 
  651   652   662   661 
  652   653   663   662 
  653   654   664   663 
  654   655   665   664 
  655   296   297   665 
   90   656   666    89 
  656   657   667   666 
  657   658   668   667 
  658   659   669   668 
  659   660   670   669 
  660   661   671   670 
  661   662   672   671 
  662   663   673   672 
  663   664   674   673 
  664   665   675   674 
  665   297   298   675 
   89   666   676    88 
  666   667   677   676 
  667   668   678   677 
  668   669   679   678 
  669   670   680   679 
  670   671   681   680 
  671   672   682   681 
  672   673   683   682 
  673   674   684   683 
  674   675   685   684 
  675   298   299   685 
   88   676   686    87 
  676   677   687   686 
  677   678   688   687 
  678   679   689   688 
  679   680   690   689 
  680   681   691   690 
  681   682   692   691 
  682   683   693   692 
  683   684   694   693 
  684   685   695   694 
  685   299   300   695 
   87   686   696    86 
  686   687   697   696 
  687   688   698   697 
  688   689   699   698 
  689   690   700   699 
  690   691   701   700 
  691   692   702   701 
  692   693   703   702 
  693   694   704   703 
  694   695   705   704 
  695   300   301   705 
   86   696   706    85 
  696   697   707   706 
  697   698   708   707 
  698   699   709   708 
  699   700   710   709 
  700   701   711   710 
  701   702   712   711 
  702   703   713   712 
  703   704   714   713 
  704   705   715   714 
  705   301   302   715 
   85   706   716    84 
  706   707   717   716 
  707   708   718   717 
  708   709   719   718 
  709   710   720   719 
  710   711   721   720 
  711   712   722   721 
  712   713   723   722 
  713   714   724   723 
  714   715   725   724 
  715   302   303   725 
   84   716   726    83 
  716   717   727   726 
  717   718   728   727 
  718   719   729   728 
  719   720   730   729 
  720   721   731   730 
  721   722   732   731 
  722   723   733   732 
  723   724   734   733 
  724   725   735   734 
  725   303   304   735 
   83   726   736    82 
  726   727   737   736 
  727   728   738   737 
  728   729   739   738 
  729   730   740   739 
  730   731   741   740 
  731   732   742   741 
  732   733   743   742 
  733   734   744   743 
  734   735   745   744 
  735   304   305   745 
   82   736   746    81 
  736   737   747   746 
  737   738   748   747 
  738   739   749   748 
  739   740   750   749 
  740   741   751   750 
  741   742   752   751 
  742   743   753   752 
  743   744   754   753 
  744   745   755   754 
  745   305   306   755 
   81   746   756    80 
  746   747   757   756 
  747   748   758   757 
  748   749   759   758 
  749   750   760   759 
  750   751   761   760 
  751   752   762   761 
  752   753   763   762 
  753   754   764   763 
  754   755   765   764 
  755   306   307   765 
   80   756   766    79 
  756   757   767   766 
  757   758   768   767 
  758   759   769   768 
  759   760   770   769 
  760   761   771   770 
  761   762   772   771 
  762   763   773   772 
  763   764   774   773 
  764   765   775   774 
  765   307   308   775 
   79   766   776    78 
  766   767   777   776 
  767   768   778   777 
  768   769   779   778 
  769   770   780   779 
  770   771   781   780 
  771   772   782   781 
  772   773   783   782 
  773   774   784   783 
  774   775   785   784 
  775   308   309   785 
   78   776   786    77 
  776   777   787   786 
  777   778   788   787 
  778   779   789   788 
  779   780   790   789 
  780   781   791   790 
  781   782   792   791 
  782   783   793   792 
  783   784   794   793 
  784   785   795   794 
  785   309   310   795 
   77   786   796    76 
  786   787   797   796 
  787   788   798   797 
  788   789   799   798 
  789   790   800   799 
  790   791   801   800 
  791   792   802   801 
  792   793   803   802 
  793   794   804   803 
  794   795   805   804 
  795   310   311   805 
   76   796   806    75 
  796   797   807   806 
  797   798   808   807 
  798   799   809   808 
  799   800   810   809 
  800   801   811   810 
  801   802   812   811 
  802   803   813   812 
  803   804   814   813 
  804   805   815   814 
  805   311   312   815 
   75   806   816    74 
  806   807   817   816 
  807   808   818   817 
  808   809   819   818 
  809   810   820   819 
  810   811   821   820 
  811   812   822   821 
  812   813   823   822 
  813   814   824   823 
  814   815   825   824 
  815   312   313   825 
   74   816   826    73 
  816   817   827   826 
  817   818   828   827 
  818   819   829   828 
  819   820   830   829 
  820   821   831   830 
  821   822   832   831 
  822   823   833   832 
  823   824   834   833 
  824   825   835   834 
  825   313   314   835 
   73   826   836    72 
  826   827   837   836 
  827   828   838   837 
  828   829   839   838 
  829   830   840   839 
  830   831   841   840 
  831   832   842   841 
  832   833   843   842 
  833   834   844   843 
  834   835   845   844 
  835   314   315   845 
   72   836   846    71 
  836   837   847   846 
  837   838   848   847 
  838   839   849   848 
  839   840   850   849 
  840   841   851   850 
  841   842   852   851 
  842   843   853   852 
  843   844   854   853 
  844   845   855   854 
  845   315   316   855 
   71   846   856    70 
  846   847   857   856 
  847   848   858   857 
  848   849   859   858 
  849   850   860   859 
  850   851   861   860 
  851   852   862   861 
  852   853   863   862 
  853   854   864   863 
  854   855   865   864 
  855   316   317   865 
   70   856   866    69 
  856   857   867   866 
  857   858   868   867 
  858   859   869   868 
  859   860   870   869 
  860   861   871   870 
  861   862   872   871 
  862   863   873   872 
  863   864   874   873 
  864   865   875   874 
  865   317   318   875 
   69   866   876    68 
  866   867   877   876 
  867   868   878   877 
  868   869   879   878 
  869   870   880   879 
  870   871   881   880 
  871   872   882   881 
  872   873   883   882 
  873   874   884   883 
  874   875   885   884 
  875   318   319   885 
   68   876   886    67 
  876   877   887   886 
  877   878   888   887 
  878   879   889   888 
  879   880   890   889 
  880   881   891   890 
  881   882   892   891 
  882   883   893   892 
  883   884   894   893 
  884   885   895   894 
  885   319   320   895 
   67   886   896    66 
  886   887   897   896 
  887   888   898   897 
  888   889   899   898 
  889   890   900   899 
  890   891   901   900 
  891   892   902   901 
  892   893   903   902 
  893   894   904   903 
  894   895   905   904 
  895   320   321   905 
   66   896   906    65 
  896   897   907   906 
  897   898   908   907 
  898   899   909   908 
  899   900   910   909 
  900   901   911   910 
  901   902   912   911 
  902   903   913   912 
  903   904   914   913 
  904   905   915   914 
  905   321   322   915 
   65   906   916     3 
  906   907   917   916 
  907   908   918   917 
  908   909   919   918 
  909   910   920   919 
  910   911   921   920 
  911   912   922   921 
  912   913   923   922 
  913   914   924   923 
  914   915   925   924 
  915   322   323   925 
    3   916   926    52 
  916   917   927   926 
  917   918   928   927 
  918   919   929   928 
  919   920   930   929 
  920   921   931   930 
  921   922   932   931 
  922   923   933   932 
  923   924   934   933 
  924   925   935   934 
  925   323   324   935 
   52   926   254    51 
  926   927   255   254 
  927   928   256   255 
  928   929   257   256 
  929   930   258   257 
  930   931   259   258 
  931   932   260   259 
  932   933   261   260 
  933   934   262   261 
  934   935   263   262 
  935   324   253   263 
   63    64   936   294 
   64     4    94   936 
  294   936   937   295 
  936    94    95   937 
  295   937   938   296 
  937    95    96   938 
  296   938   939   297 
  938    96    97   939 
  297   939   940   298 
  939    97    98   940 
  298   940   941   299 
  940    98    99   941 
  299   941   942   300 
  941    99   100   942 
  300   942   943   301 
  942   100   101   943 
  301   943   944   302 
  943   101   102   944 
  302   944   945   303 
  944   102   103   945 
  303   945   946   304 
  945   103   104   946 
  304   946   947   305 
  946   104   105   947 
  305   947   948   306 
  947   105   106   948 
  306   948   949   307 
  948   106   107   949 
  307   949   950   308 
  949   107   108   950 
  308   950   951   309 
  950   108   109   951 
  309   951   952   310 
  951   109   110   952 
  310   952   953   311 
  952   110   111   953 
  311   953   954   312 
  953   111   112   954 
  312   954   955   313 
  954   112   113   955 
  313   955   956   314 
  955   113   114   956 
  314   956   957   315 
  956   114   115   957 
  315   957   958   316 
  957   115   116   958 
  316   958   959   317 
  958   116   117   959 
  317   959   960   318 
  959   117   118   960 
  318   960   961   319 
  960   118   119   961 
  319   961   962   320 
  961   119   120   962 
  320   962   963   321 
  962   120   121   963 
  321   963   964   322 
  963   121   122   964 
  322   964   965   323 
  964   122   123   965 
  323   965   966   324 
  965   123   124   966 
  324   966   325   253 
  966   124   125   325 
  125     5   126   325 
  325   126   127   253 
  127   128   264   253 
  128   129   265   264 
  129   130   266   265 
  130   131   267   266 
  131   132   268   267 
  132   133   269   268 
  133   134   270   269 
  134   135   271   270 
  135   136   272   271 
  136   137   273   272 
  137   138   274   273 
  138   139   275   274 
  139   140   276   275 
  140   141   277   276 
  141   142   278   277 
  142   143   279   278 
  143   144   280   279 
  144   145   281   280 
  145   146   282   281 
  146   147   283   282 
  147   148   284   283 
  148   149   285   284 
  149   150   286   285 
  150   151   287   286 
  151   152   288   287 
  152   153   289   288 
  153   154   290   289 
  154   155   291   290 
  155   156   292   291 
  156   157   293   292 
  157     6    10   293 
    1   158   967    21 
  158   159   968   967 
  159   160   969   968 
  160   161   970   969 
  161   162   971   970 
  162   163   972   971 
  163   164   973   972 
  164   165   974   973 
  165   166   975   974 
  166   167   976   975 
  167   168   977   976 
  168   169   978   977 
  169   170   979   978 
  170   171   980   979 
  171   172   981   980 
  172   173   982   981 
  173   174   983   982 
  174     7   175   983 
   21   967   984    22 
  967   968   985   984 
  968   969   986   985 
  969   970   987   986 
  970   971   988   987 
  971   972   989   988 
  972   973   990   989 
  973   974   991   990 
  974   975   992   991 
  975   976   993   992 
  976   977   994   993 
  977   978   995   994 
  978   979   996   995 
  979   980   997   996 
  980   981   998   997 
  981   982   999   998 
  982   983  1000   999 
  983   175   176  1000 
   22   984  1001    23 
  984   985  1002  1001 
  985   986  1003  1002 
  986   987  1004  1003 
  987   988  1005  1004 
  988   989  1006  1005 
  989   990  1007  1006 
  990   991  1008  1007 
  991   992  1009  1008 
  992   993  1010  1009 
  993   994  1011  1010 
  994   995  1012  1011 
  995   996  1013  1012 
  996   997  1014  1013 
  997   998  1015  1014 
  998   999  1016  1015 
  999  1000  1017  1016 
 1000   176   177  1017 
   23  1001  1018    24 
 1001  1002  1019  1018 
 1002  1003  1020  1019 
 1003  1004  1021  1020 
 1004  1005  1022  1021 
 1005  1006  1023  1022 
 1006  1007  1024  1023 
 1007  1008  1025  1024 
 1008  1009  1026  1025 
 1009  1010  1027  1026 
 1010  1011  1028  1027 
 1011  1012  1029  1028 
 1012  1013  1030  1029 
 1013  1014  1031  1030 
 1014  1015  1032  1031 
 1015  1016  1033  1032 
 1016  1017  1034  1033 
 1017   177   178  1034 
   24  1018  1035    25 
 1018  1019  1036  1035 
 1019  1020  1037  1036 
 1020  1021  1038  1037 
 1021  1022  1039  1038 
 1022  1023  1040  1039 
 1023  1024  1041  1040 
 1024  1025  1042  1041 
 1025  1026  1043  1042 
 1026  1027  1044  1043 
 1027  1028  1045  1044 
 1028  1029  1046  1045 
 1029  1030  1047  1046 
 1030  1031  1048  1047 
 1031  1032  1049  1048 
 1032  1033  1050  1049 
 1033  1034  1051  1050 
 1034   178   179  1051 
   25  1035  1052    26 
 1035  1036  1053  1052 
 1036  1037  1054  1053 
 1037  1038  1055  1054 
 1038  1039  1056  1055 
 1039  1040  1057  1056 
 1040  1041  1058  1057 
 1041  1042  1059  1058 
 1042  1043  1060  1059 
 1043  1044  1061  1060 
 1044  1045  1062  1061 
 1045  1046  1063  1062 
 1046  1047  1064  1063 
 1047  1048  1065  1064 
 1048  1049  1066  1065 
 1049  1050  1067  1066 
 1050  1051  1068  1067 
 1051   179   180  1068 
   26  1052  1069    27 
 1052  1053  1070  1069 
 1053  1054  1071  1070 
 1054  1055  1072  1071 
 1055  1056  1073  1072 
 1056  1057  1074  1073 
 1057  1058  1075  1074 
 1058  1059  1076  1075 
 1059  1060  1077  1076 
 1060  1061  1078  1077 
 1061  1062  1079  1078 
 1062  1063  1080  1079 
 1063  1064  1081  1080 
 1064  1065  1082  1081 
 1065  1066  1083  1082 
 1066  1067  1084  1083 
 1067  1068  1085  1084 
 1068   180   181  1085 
   27  1069  1086    28 
 1069  1070  1087  1086 
 1070  1071  1088  1087 
 1071  1072  1089  1088 
 1072  1073  1090  1089 
 1073  1074  1091  1090 
 1074  1075  1092  1091 
 1075  1076  1093  1092 
 1076  1077  1094  1093 
 1077  1078  1095  1094 
 1078  1079  1096  1095 
 1079  1080  1097  1096 
 1080  1081  1098  1097 
 1081  1082  1099  1098 
 1082  1083  1100  1099 
 1083  1084  1101  1100 
 1084  1085  1102  1101 
 1085   181   182  1102 
   28  1086  1103    29 
 1086  1087  1104  1103 
 1087  1088  1105  1104 
 1088  1089  1106  1105 
 1089  1090  1107  1106 
 1090  1091  1108  1107 
 1091  1092  1109  1108 
 1092  1093  1110  1109 
 1093  1094  1111  1110 
 1094  1095  1112  1111 
 1095  1096  1113  1112 
 1096  1097  1114  1113 
 1097  1098  1115  1114 
 1098  1099  1116  1115 
 1099  1100  1117  1116 
 1100  1101  1118  1117 
 1101  1102  1119  1118 
 1102   182   183  1119 
   29  1103  1120    30 
 1103  1104  1121  1120 
 1104  1105  1122  1121 
 1105  1106  1123  1122 
 1106  1107  1124  1123 
 1107  1108  1125  1124 
 1108  1109  1126  1125 
 1109  1110  1127  1126 
 1110  1111  1128  1127 
 1111  1112  1129  1128 
 1112  1113  1130  1129 
 1113  1114  1131  1130 
 1114  1115  1132  1131 
 1115  1116  1133  1132 
 1116  1117  1134  1133 
 1117  1118  1135  1134 
 1118  1119  1136  1135 
 1119   183   184  1136 
   30  1120  1137    31 
 1120  1121  1138  1137 
 1121  1122  1139  1138 
 1122  1123  1140  1139 
 1123  1124  1141  1140 
 1124  1125  1142  1141 
 1125  1126  1143  1142 
 1126  1127  1144  1143 
 1127  1128  1145  1144 
 1128  1129  1146  1145 
 1129  1130  1147  1146 
 1130  1131  1148  1147 
 1131  1132  1149  1148 
 1132  1133  1150  1149 
 1133  1134  1151  1150 
 1134  1135  1152  1151 
 1135  1136  1153  1152 
 1136   184   185  1153 
   31  1137  1154    32 
 1137  1138  1155  1154 
 1138  1139  1156  1155 
 1139  1140  1157  1156 
 1140  1141  1158  1157 
 1141  1142  1159  1158 
 1142  1143  1160  1159 
 1143  1144  1161  1160 
 1144  1145  1162  1161 
 1145  1146  1163  1162 
 1146  1147  1164  1163 
 1147  1148  1165  1164 
 1148  1149  1166  1165 
 1149  1150  1167  1166 
 1150  1151  1168  1167 
 1151  1152  1169  1168 
 1152  1153  1170  1169 
 1153   185   186  1170 
   32  1154  1171    33 
 1154  1155  1172  1171 
 1155  1156  1173  1172 
 1156  1157  1174  1173 
 1157  1158  1175  1174 
 1158  1159  1176  1175 
 1159  1160  1177  1176 
 1160  1161  1178  1177 
 1161  1162  1179  1178 
 1162  1163  1180  1179 
 1163  1164  1181  1180 
 1164  1165  1182  1181 
 1165  1166  1183  1182 
 1166  1167  1184  1183 
 1167  1168  1185  1184 
 1168  1169  1186  1185 
 1169  1170  1187  1186 
 1170   186   187  1187 
   33  1171  1188    34 
 1171  1172  1189  1188 
 1172  1173  1190  1189 
 1173  1174  1191  1190 
 1174  1175  1192  1191 
 1175  1176  1193  1192 
 1176  1177  1194  1193 
 1177  1178  1195  1194 
 1178  1179  1196  1195 
 1179  1180  1197  1196 
 1180  1181  1198  1197 
 1181  1182  1199  1198 
 1182  1183  1200  1199 
 1183  1184  1201  1200 
 1184  1185  1202  1201 
 1185  1186  1203  1202 
 1186  1187  1204  1203 
 1187   187   188  1204 
   34  1188  1205    35 
 1188  1189  1206  1205 
 1189  1190  1207  1206 
 1190  1191  1208  1207 
 1191  1192  1209  1208 
 1192  1193  1210  1209 
 1193  1194  1211  1210 
 1194  1195  1212  1211 
 1195  1196  1213  1212 
 1196  1197  1214  1213 
 1197  1198  1215  1214 
 1198  1199  1216  1215 
 1199  1200  1217  1216 
 1200  1201  1218  1217 
 1201  1202  1219  1218 
 1202  1203  1220  1219 
 1203  1204  1221  1220 
 1204   188   189  1221 
   35  1205  1222    36 
 1205  1206  1223  1222 
 1206  1207  1224  1223 
 1207  1208  1225  1224 
 1208  1209  1226  1225 
 1209  1210  1227  1226 
 1210  1211  1228  1227 
 1211  1212  1229  1228 
 1212  1213  1230  1229 
 1213  1214  1231  1230 
 1214  1215  1232  1231 
 1215  1216  1233  1232 
 1216  1217  1234  1233 
 1217  1218  1235  1234 
 1218  1219  1236  1235 
 1219  1220  1237  1236 
 1220  1221  1238  1237 
 1221   189   190  1238 
   36  1222  1239    37 
 1222  1223  1240  1239 
 1223  1224  1241  1240 
 1224  1225  1242  1241 
 1225  1226  1243  1242 
 1226  1227  1244  1243 
 1227  1228  1245  1244 
 1228  1229  1246  1245 
 1229  1230  1247  1246 
 1230  1231  1248  1247 
 1231  1232  1249  1248 
 1232  1233  1250  1249 
 1233  1234  1251  1250 
 1234  1235  1252  1251 
 1235  1236  1253  1252 
 1236  1237  1254  1253 
 1237  1238  1255  1254 
 1238   190   191  1255 
   37  1239  1256    38 
 1239  1240  1257  1256 
 1240  1241  1258  1257 
 1241  1242  1259  1258 
 1242  1243  1260  1259 
 1243  1244  1261  1260 
 1244  1245  1262  1261 
 1245  1246  1263  1262 
 1246  1247  1264  1263 
 1247  1248  1265  1264 
 1248  1249  1266  1265 
 1249  1250  1267  1266 
 1250  1251  1268  1267 
 1251  1252  1269  1268 
 1252  1253  1270  1269 
 1253  1254  1271  1270 
 1254  1255  1272  1271 
 1255   191   192  1272 
   38  1256  1273    39 
 1256  1257  1274  1273 
 1257  1258  1275  1274 
 1258  1259  1276  1275 
 1259  1260  1277  1276 
 1260  1261  1278  1277 
 1261  1262  1279  1278 
 1262  1263  1280  1279 
 1263  1264  1281  1280 
 1264  1265  1282  1281 
 1265  1266  1283  1282 
 1266  1267  1284  1283 
 1267  1268  1285  1284 
 1268  1269  1286  1285 
 1269  1270  1287  1286 
 1270  1271  1288  1287 
 1271  1272  1289  1288 
 1272   192   193  1289 
   39  1273  1290    40 
 1273  1274  1291  1290 
 1274  1275  1292  1291 
 1275  1276  1293  1292 
 1276  1277  1294  1293 
 1277  1278  1295  1294 
 1278  1279  1296  1295 
 1279  1280  1297  1296 
 1280  1281  1298  1297 
 1281  1282  1299  1298 
 1282  1283  1300  1299 
 1283  1284  1301  1300 
 1284  1285  1302  1301 
 1285  1286  1303  1302 
 1286  1287  1304  1303 
 1287  1288  1305  1304 
 1288  1289  1306  1305 
 1289   193   194  1306 
   40  1290  1307    41 
 1290  1291  1308  1307 
 1291  1292  1309  1308 
 1292  1293  1310  1309 
 1293  1294  1311  1310 
 1294  1295  1312  1311 
 1295  1296  1313  1312 
 1296  1297  1314  1313 
 1297  1298  1315  1314 
 1298  1299  1316  1315 
 1299  1300  1317  1316 
 1300  1301  1318  1317 
 1301  1302  1319  1318 
 1302  1303  1320  1319 
 1303  1304  1321  1320 
 1304  1305  1322  1321 
 1305  1306  1323  1322 
 1306   194   195  1323 
   41  1307  1324    42 
 1307  1308  1325  1324 
 1308  1309  1326  1325 
 1309  1310  1327  1326 
 1310  1311  1328  1327 
 1311  1312  1329  1328 
 1312  1313  1330  1329 
 1313  1314  1331  1330 
 1314  1315  1332  1331 
 1315  1316  1333  1332 
 1316  1317  1334  1333 
 1317  1318  1335  1334 
 1318  1319  1336  1335 
 1319  1320  1337  1336 
 1320  1321  1338  1337 
 1321  1322  1339  1338 
 1322  1323  1340  1339 
 1323   195   196  1340 
   42  1324  1341    43 
 1324  1325  1342  1341 
 1325  1326  1343  1342 
 1326  1327  1344  1343 
 1327  1328  1345  1344 
 1328  1329  1346  1345 
 1329  1330  1347  1346 
 1330  1331  1348  1347 
 1331  1332  1349  1348 
 1332  1333  1350  1349 
 1333  1334  1351  1350 
 1334  1335  1352  1351 
 1335  1336  1353  1352 
 1336  1337  1354  1353 
 1337  1338  1355  1354 
 1338  1339  1356  1355 
 1339  1340  1357  1356 
 1340   196   197  1357 
   43  1341  1358    44 
 1341  1342  1359  1358 
 1342  1343  1360  1359 
 1343  1344  1361  1360 
 1344  1345  1362  1361 
 1345  1346  1363  1362 
 1346  1347  1364  1363 
 1347  1348  1365  1364 
 1348  1349  1366  1365 
 1349  1350  1367  1366 
 1350  1351  1368  1367 
 1351  1352  1369  1368 
 1352  1353  1370  1369 
 1353  1354  1371  1370 
 1354  1355  1372  1371 
 1355  1356  1373  1372 
 1356  1357  1374  1373 
 1357   197   198  1374 
   44  1358  1375    45 
 1358  1359  1376  1375 
 1359  1360  1377  1376 
 1360  1361  1378  1377 
 1361  1362  1379  1378 
 1362  1363  1380  1379 
 1363  1364  1381  1380 
 1364  1365  1382  1381 
 1365  1366  1383  1382 
 1366  1367  1384  1383 
 1367  1368  1385  1384 
 1368  1369  1386  1385 
 1369  1370  1387  1386 
 1370  1371  1388  1387 
 1371  1372  1389  1388 
 1372  1373  1390  1389 
 1373  1374  1391  1390 
 1374   198   199  1391 
   45  1375  1392    46 
 1375  1376  1393  1392 
 1376  1377  1394  1393 
 1377  1378  1395  1394 
 1378  1379  1396  1395 
 1379  1380  1397  1396 
 1380  1381  1398  1397 
 1381  1382  1399  1398 
 1382  1383  1400  1399 
 1383  1384  1401  1400 
 1384  1385  1402  1401 
 1385  1386  1403  1402 
 1386  1387  1404  1403 
 1387  1388  1405  1404 
 1388  1389  1406  1405 
 1389  1390  1407  1406 
 1390  1391  1408  1407 
 1391   199   200  1408 
   46  1392  1409    47 
 1392  1393  1410  1409 
 1393  1394  1411  1410 
 1394  1395  1412  1411 
 1395  1396  1413  1412 
 1396  1397  1414  1413 
 1397  1398  1415  1414 
 1398  1399  1416  1415 
 1399  1400  1417  1416 
 1400  1401  1418  1417 
 1401  1402  1419  1418 
 1402  1403  1420  1419 
 1403  1404  1421  1420 
 1404  1405  1422  1421 
 1405  1406  1423  1422 
 1406  1407  1424  1423 
 1407  1408  1425  1424 
 1408   200   201  1425 
   47  1409  1426    48 
 1409  1410  1427  1426 
 1410  1411  1428  1427 
 1411  1412  1429  1428 
 1412  1413  1430  1429 
 1413  1414  1431  1430 
 1414  1415  1432  1431 
 1415  1416  1433  1432 
 1416  1417  1434  1433 
 1417  1418  1435  1434 
 1418  1419  1436  1435 
 1419  1420  1437  1436 
 1420  1421  1438  1437 
 1421  1422  1439  1438 
 1422  1423  1440  1439 
 1423  1424  1441  1440 
 1424  1425  1442  1441 
 1425   201   202  1442 
   48  1426  1443    49 
 1426  1427  1444  1443 
 1427  1428  1445  1444 
 1428  1429  1446  1445 
 1429  1430  1447  1446 
 1430  1431  1448  1447 
 1431  1432  1449  1448 
 1432  1433  1450  1449 
 1433  1434  1451  1450 
 1434  1435  1452  1451 
 1435  1436  1453  1452 
 1436  1437  1454  1453 
 1437  1438  1455  1454 
 1438  1439  1456  1455 
 1439  1440  1457  1456 
 1440  1441  1458  1457 
 1441  1442  1459  1458 
 1442   202   203  1459 
   49  1443  1460    50 
 1443  1444  1461  1460 
 1444  1445  1462  1461 
 1445  1446  1463  1462 
 1446  1447  1464  1463 
 1447  1448  1465  1464 
 1448  1449  1466  1465 
 1449  1450  1467  1466 
 1450  1451  1468  1467 
 1451  1452  1469  1468 
 1452  1453  1470  1469 
 1453  1454  1471  1470 
 1454  1455  1472  1471 
 1455  1456  1473  1472 
 1456  1457  1474  1473 
 1457  1458  1475  1474 
 1458  1459  1476  1475 
 1459   203   204  1476 
   50  1460  1477    51 
 1460  1461  1478  1477 
 1461  1462  1479  1478 
 1462  1463  1480  1479 
 1463  1464  1481  1480 
 1464  1465  1482  1481 
 1465  1466  1483  1482 
 1466  1467  1484  1483 
 1467  1468  1485  1484 
 1468  1469  1486  1485 
 1469  1470  1487  1486 
 1470  1471  1488  1487 
 1471  1472  1489  1488 
 1472  1473  1490  1489 
 1473  1474  1491  1490 
 1474  1475  1492  1491 
 1475  1476  1493  1492 
 1476   204   205  1493 
   51  1477  1494    52 
 1477  1478  1495  1494 
 1478  1479  1496  1495 
 1479  1480  1497  1496 
 1480  1481  1498  1497 
 1481  1482  1499  1498 
 1482  1483  1500  1499 
 1483  1484  1501  1500 
 1484  1485  1502  1501 
 1485  1486  1503  1502 
 1486  1487  1504  1503 
 1487  1488  1505  1504 
 1488  1489  1506  1505 
 1489  1490  1507  1506 
 1490  1491  1508  1507 
 1491  1492  1509  1508 
 1492  1493  1510  1509 
 1493   205   206  1510 
   52  1494  1511     3 
 1494  1495  1512  1511 
 1495  1496  1513  1512 
 1496  1497  1514  1513 
 1497  1498  1515  1514 
 1498  1499  1516  1515 
 1499  1500  1517  1516 
 1500  1501  1518  1517 
 1501  1502  1519  1518 
 1502  1503  1520  1519 
 1503  1504  1521  1520 
 1504  1505  1522  1521 
 1505  1506  1523  1522 
 1506  1507  1524  1523 
 1507  1508  1525  1524 
 1508  1509  1526  1525 
 1509  1510  1527  1526 
 1510   206   207  1527 
    3  1511  1528    65 
 1511  1512  1529  1528 
 1512  1513  1530  1529 
 1513  1514  1531  1530 
 1514  1515  1532  1531 
 1515  1516  1533  1532 
 1516  1517  1534  1533 
 1517  1518  1535  1534 
 1518  1519  1536  1535 
 1519  1520  1537  1536 
 1520  1521  1538  1537 
 1521  1522  1539  1538 
 1522  1523  1540  1539 
 1523  1524  1541  1540 
 1524  1525  1542  1541 
 1525  1526  1543  1542 
 1526  1527  1544  1543 
 1527   207     8  1544 
   65  1528  1545    66 
 1528  1529  1546  1545 
 1529  1530  1547  1546 
 1530  1531  1548  1547 
 1531  1532  1549  1548 
 1532  1533  1550  1549 
 1533  1534  1551  1550 
 1534  1535  1552  1551 
 1535  1536  1553  1552 
 1536  1537  1554  1553 
 1537  1538  1555  1554 
 1538  1539  1556  1555 
 1539  1540  1557  1556 
 1540  1541  1558  1557 
 1541  1542  1559  1558 
 1542  1543  1560  1559 
 1543  1544  1561  1560 
 1544     8   208  1561 
   66  1545  1562    67 
 1545  1546  1563  1562 
 1546  1547  1564  1563 
 1547  1548  1565  1564 
 1548  1549  1566  1565 
 1549  1550  1567  1566 
 1550  1551  1568  1567 
 1551  1552  1569  1568 
 1552  1553  1570  1569 
 1553  1554  1571  1570 
 1554  1555  1572  1571 
 1555  1556  1573  1572 
 1556  1557  1574  1573 
 1557  1558  1575  1574 
 1558  1559  1576  1575 
 1559  1560  1577  1576 
 1560  1561  1578  1577 
 1561   208   209  1578 
   67  1562  1579    68 
 1562  1563  1580  1579 
 1563  1564  1581  1580 
 1564  1565  1582  1581 
 1565  1566  1583  1582 
 1566  1567  1584  1583 
 1567  1568  1585  1584 
 1568  1569  1586  1585 
 1569  1570  1587  1586 
 1570  1571  1588  1587 
 1571  1572  1589  1588 
 1572  1573  1590  1589 
 1573  1574  1591  1590 
 1574  1575  1592  1591 
 1575  1576  1593  1592 
 1576  1577  1594  1593 
 1577  1578  1595  1594 
 1578   209   210  1595 
   68  1579  1596    69 
 1579  1580  1597  1596 
 1580  1581  1598  1597 
 1581  1582  1599  1598 
 1582  1583  1600  1599 
 1583  1584  1601  1600 
 1584  1585  1602  1601 
 1585  1586  1603  1602 
 1586  1587  1604  1603 
 1587  1588  1605  1604 
 1588  1589  1606  1605 
 1589  1590  1607  1606 
 1590  1591  1608  1607 
 1591  1592  1609  1608 
 1592  1593  1610  1609 
 1593  1594  1611  1610 
 1594  1595  1612  1611 
 1595   210   211  1612 
   69  1596  1613    70 
 1596  1597  1614  1613 
 1597  1598  1615  1614 
 1598  1599  1616  1615 
 1599  1600  1617  1616 
 1600  1601  1618  1617 
 1601  1602  1619  1618 
 1602  1603  1620  1619 
 1603  1604  1621  1620 
 1604  1605  1622  1621 
 1605  1606  1623  1622 
 1606  1607  1624  1623 
 1607  1608  1625  1624 
 1608  1609  1626  1625 
 1609  1610  1627  1626 
 1610  1611  1628  1627 
 1611  1612  1629  1628 
 1612   211   212  1629 
   70  1613  1630    71 
 1613  1614  1631  1630 
 1614  1615  1632  1631 
 1615  1616  1633  1632 
 1616  1617  1634  1633 
 1617  1618  1635  1634 
 1618  1619  1636  1635 
 1619  1620  1637  1636 
 1620  1621  1638  1637 
 1621  1622  1639  1638 
 1622  1623  1640  1639 
 1623  1624  1641  1640 
 1624  1625  1642  1641 
 1625  1626  1643  1642 
 1626  1627  1644  1643 
 1627  1628  1645  1644 
 1628  1629  1646  1645 
 1629   212   213  1646 
   71  1630  1647    72 
 1630  1631  1648  1647 
 1631  1632  1649  1648 
 1632  1633  1650  1649 
 1633  1634  1651  1650 
 1634  1635  1652  1651 
 1635  1636  1653  1652 
 1636  1637  1654  1653 
 1637  1638  1655  1654 
 1638  1639  1656  1655 
 1639  1640  1657  1656 
 1640  1641  1658  1657 
 1641  1642  1659  1658 
 1642  1643  1660  1659 
 1643  1644  1661  1660 
 1644  1645  1662  1661 
 1645  1646  1663  1662 
 1646   213   214  1663 
   72  1647  1664    73 
 1647  1648  1665  1664 
 1648  1649  1666  1665 
 1649  1650  1667  1666 
 1650  1651  1668  1667 
 1651  1652  1669  1668 
 1652  1653  1670  1669 
 1653  1654  1671  1670 
 1654  1655  1672  1671 
 1655  1656  1673  1672 
 1656  1657  1674  1673 
 1657  1658  1675  1674 
 1658  1659  1676  1675 
 1659  1660  1677  1676 
 1660  1661  1678  1677 
 1661  1662  1679  1678 
 1662  1663  1680  1679 
 1663   214   215  1680 
   73  1664  1681    74 
 1664  1665  1682  1681 
 1665  1666  1683  1682 
 1666  1667  1684  1683 
 1667  1668  1685  1684 
 1668  1669  1686  1685 
 1669  1670  1687  1686 
 1670  1671  1688  1687 
 1671  1672  1689  1688 
 1672  1673  1690  1689 
 1673  1674  1691  1690 
 1674  1675  1692  1691 
 1675  1676  1693  1692 
 1676  1677  1694  1693 
 1677  1678  1695  1694 
 1678  1679  1696  1695 
 1679  1680  1697  1696 
 1680   215   216  1697 
   74  1681  1698    75 
 1681  1682  1699  1698 
 1682  1683  1700  1699 
 1683  1684  1701  1700 
 1684  1685  1702  1701 
 1685  1686  1703  1702 
 1686  1687  1704  1703 
 1687  1688  1705  1704 
 1688  1689  1706  1705 
 1689  1690  1707  1706 
 1690  1691  1708  1707 
 1691  1692  1709  1708 
 1692  1693  1710  1709 
 1693  1694  1711  1710 
 1694  1695  1712  1711 
 1695  1696  1713  1712 
 1696  1697  1714  1713 
 1697   216   217  1714 
   75  1698  1715    76 
 1698  1699  1716  1715 
 1699  1700  1717  1716 
 1700  1701  1718  1717 
 1701  1702  1719  1718 
 1702  1703  1720  1719 
 1703  1704  1721  1720 
 1704  1705  1722  1721 
 1705  1706  1723  1722 
 1706  1707  1724  1723 
 1707  1708  1725  1724 
 1708  1709  1726  1725 
 1709  1710  1727  1726 
 1710  1711  1728  1727 
 1711  1712  1729  1728 
 1712  1713  1730  1729 
 1713  1714  1731  1730 
 1714   217   218  1731 
   76  1715  1732    77 
 1715  1716  1733  1732 
 1716  1717  1734  1733 
 1717  1718  1735  1734 
 1718  1719  1736  1735 
 1719  1720  1737  1736 
 1720  1721  1738  1737 
 1721  1722  1739  1738 
 1722  1723  1740  1739 
 1723  1724  1741  1740 
 1724  1725  1742  1741 
 1725  1726  1743  1742 
 1726  1727  1744  1743 
 1727  1728  1745  1744 
 1728  1729  1746  1745 
 1729  1730  1747  1746 
 1730  1731  1748  1747 
 1731   218   219  1748 
   77  1732  1749    78 
 1732  1733  1750  1749 
 1733  1734  1751  1750 
 1734  1735  1752  1751 
 1735  1736  1753  1752 
 1736  1737  1754  1753 
 1737  1738  1755  1754 
 1738  1739  1756  1755 
 1739  1740  1757  1756 
 1740  1741  1758  1757 
 1741  1742  1759  1758 
 1742  1743  1760  1759 
 1743  1744  1761  1760 
 1744  1745  1762  1761 
 1745  1746  1763  1762 
 1746  1747  1764  1763 
 1747  1748  1765  1764 
 1748   219   220  1765 
   78  1749  1766    79 
 1749  1750  1767  1766 
 1750  1751  1768  1767 
 1751  1752  1769  1768 
 1752  1753  1770  1769 
 1753  1754  1771  1770 
 1754  1755  1772  1771 
 1755  1756  1773  1772 
 1756  1757  1774  1773 
 1757  1758  1775  1774 
 1758  1759  1776  1775 
 1759  1760  1777  1776 
 1760  1761  1778  1777 
 1761  1762  1779  1778 
 1762  1763  1780  1779 
 1763  1764  1781  1780 
 1764  1765  1782  1781 
 1765   220   221  1782 
   79  1766  1783    80 
 1766  1767  1784  1783 
 1767  1768  1785  1784 
 1768  1769  1786  1785 
 1769  1770  1787  1786 
 1770  1771  1788  1787 
 1771  1772  1789  1788 
 1772  1773  1790  1789 
 1773  1774  1791  1790 
 1774  1775  1792  1791 
 1775  1776  1793  1792 
 1776  1777  1794  1793 
 1777  1778  1795  1794 
 1778  1779  1796  1795 
 1779  1780  1797  1796 
 1780  1781  1798  1797 
 1781  1782  1799  1798 
 1782   221   222  1799 
   80  1783  1800    81 
 1783  1784  1801  1800 
 1784  1785  1802  1801 
 1785  1786  1803  1802 
 1786  1787  1804  1803 
 1787  1788  1805  1804 
 1788  1789  1806  1805 
 1789  1790  1807  1806 
 1790  1791  1808  1807 
 1791  1792  1809  1808 
 1792  1793  1810  1809 
 1793  1794  1811  1810 
 1794  1795  1812  1811 
 1795  1796  1813  1812 
 1796  1797  1814  1813 
 1797  1798  1815  1814 
 1798  1799  1816  1815 
 1799   222   223  1816 
   81  1800  1817    82 
 1800  1801  1818  1817 
 1801  1802  1819  1818 
 1802  1803  1820  1819 
 1803  1804  1821  1820 
 1804  1805  1822  1821 
 1805  1806  1823  1822 
 1806  1807  1824  1823 
 1807  1808  1825  1824 
 1808  1809  1826  1825 
 1809  1810  1827  1826 
 1810  1811  1828  1827 
 1811  1812  1829  1828 
 1812  1813  1830  1829 
 1813  1814  1831  1830 
 1814  1815  1832  1831 
 1815  1816  1833  1832 
 1816   223   224  1833 
   82  1817  1834    83 
 1817  1818  1835  1834 
 1818  1819  1836  1835 
 1819  1820  1837  1836 
 1820  1821  1838  1837 
 1821  1822  1839  1838 
 1822  1823  1840  1839 
 1823  1824  1841  1840 
 1824  1825  1842  1841 
 1825  1826  1843  1842 
 1826  1827  1844  1843 
 1827  1828  1845  1844 
 1828  1829  1846  1845 
 1829  1830  1847  1846 
 1830  1831  1848  1847 
 1831  1832  1849  1848 
 1832  1833  1850  1849 
 1833   224   225  1850 
   83  1834  1851    84 
 1834  1835  1852  1851 
 1835  1836  1853  1852 
 1836  1837  1854  1853 
 1837  1838  1855  1854 
 1838  1839  1856  1855 
 1839  1840  1857  1856 
 1840  1841  1858  1857 
 1841  1842  1859  1858 
 1842  1843  1860  1859 
 1843  1844  1861  1860 
 1844  1845  1862  1861 
 1845  1846  1863  1862 
 1846  1847  1864  1863 
 1847  1848  1865  1864 
 1848  1849  1866  1865 
 1849  1850  1867  1866 
 1850   225   226  1867 
   84  1851  1868    85 
 1851  1852  1869  1868 
 1852  1853  1870  1869 
 1853  1854  1871  1870 
 1854  1855  1872  1871 
 1855  1856  1873  1872 
 1856  1857  1874  1873 
 1857  1858  1875  1874 
 1858  1859  1876  1875 
 1859  1860  1877  1876 
 1860  1861  1878  1877 
 1861  1862  1879  1878 
 1862  1863  1880  1879 
 1863  1864  1881  1880 
 1864  1865  1882  1881 
 1865  1866  1883  1882 
 1866  1867  1884  1883 
 1867   226   227  1884 
   85  1868  1885    86 
 1868  1869  1886  1885 
 1869  1870  1887  1886 
 1870  1871  1888  1887 
 1871  1872  1889  1888 
 1872  1873  1890  1889 
 1873  1874  1891  1890 
 1874  1875  1892  1891 
 1875  1876  1893  1892 
 1876  1877  1894  1893 
 1877  1878  1895  1894 
 1878  1879  1896  1895 
 1879  1880  1897  1896 
 1880  1881  1898  1897 
 1881  1882  1899  1898 
 1882  1883  1900  1899 
 1883  1884  1901  1900 
 1884   227   228  1901 
   86  1885  1902    87 
 1885  1886  1903  1902 
 1886  1887  1904  1903 
 1887  1888  1905  1904 
 1888  1889  1906  1905 
 1889  1890  1907  1906 
 1890  1891  1908  1907 
 1891  1892  1909  1908 
 1892  1893  1910  1909 
 1893  1894  1911  1910 
 1894  1895  1912  1911 
 1895  1896  1913  1912 
 1896  1897  1914  1913 
 1897  1898  1915  1914 
 1898  1899  1916  1915 
 1899  1900  1917  1916 
 1900  1901  1918  1917 
 1901   228   229  1918 
   87  1902  1919    88 
 1902  1903  1920  1919 
 1903  1904  1921  1920 
 1904  1905  1922  1921 
 1905  1906  1923  1922 
 1906  1907  1924  1923 
 1907  1908  1925  1924 
 1908  1909  1926  1925 
 1909  1910  1927  1926 
 1910  1911  1928  1927 
 1911  1912  1929  1928 
 1912  1913  1930  1929 
 1913  1914  1931  1930 
 1914  1915  1932  1931 
 1915  1916  1933  1932 
 1916  1917  1934  1933 
 1917  1918  1935  1934 
 1918   229   230  1935 
   88  1919  1936    89 
 1919  1920  1937  1936 
 1920  1921  1938  1937 
 1921  1922  1939  1938 
 1922  1923  1940  1939 
 1923  1924  1941  1940 
 1924  1925  1942  1941 
 1925  1926  1943  1942 
 1926  1927  1944  1943 
 1927  1928  1945  1944 
 1928  1929  1946  1945 
 1929  1930  1947  1946 
 1930  1931  1948  1947 
 1931  1932  1949  1948 
 1932  1933  1950  1949 
 1933  1934  1951  1950 
 1934  1935  1952  1951 
 1935   230   231  1952 
   89  1936  1953    90 
 1936  1937  1954  1953 
 1937  1938  1955  1954 
 1938  1939  1956  1955 
 1939  1940  1957  1956 
 1940  1941  1958  1957 
 1941  1942  1959  1958 
 1942  1943  1960  1959 
 1943  1944  1961  1960 
 1944  1945  1962  1961 
 1945  1946  1963  1962 
 1946  1947  1964  1963 
 1947  1948  1965  1964 
 1948  1949  1966  1965 
 1949  1950  1967  1966 
 1950  1951  1968  1967 
 1951  1952  1969  1968 
 1952   231   232  1969 
   90  1953  1970    91 
 1953  1954  1971  1970 
 1954  1955  1972  1971 
 1955  1956  1973  1972 
 1956  1957  1974  1973 
 1957  1958  1975  1974 
 1958  1959  1976  1975 
 1959  1960  1977  1976 
 1960  1961  1978  1977 
 1961  1962  1979  1978 
 1962  1963  1980  1979 
 1963  1964  1981  1980 
 1964  1965  1982  1981 
 1965  1966  1983  1982 
 1966  1967  1984  1983 
 1967  1968  1985  1984 
 1968  1969  1986  1985 
 1969   232   233  1986 
   91  1970  1987    92 
 1970  1971  1988  1987 
 1971  1972  1989  1988 
 1972  1973  1990  1989 
 1973  1974  1991  1990 
 1974  1975  1992  1991 
 1975  1976  1993  1992 
 1976  1977  1994  1993 
 1977  1978  1995  1994 
 1978  1979  1996  1995 
 1979  1980  1997  1996 
 1980  1981  1998  1997 
 1981  1982  1999  1998 
 1982  1983  2000  1999 
 1983  1984  2001  2000 
 1984  1985  2002  2001 
 1985  1986  2003  2002 
 1986   233   234  2003 
   92  1987  2004    93 
 1987  1988  2005  2004 
 1988  1989  2006  2005 
 1989  1990  2007  2006 
 1990  1991  2008  2007 
 1991  1992  2009  2008 
 1992  1993  2010  2009 
 1993  1994  2011  2010 
 1994  1995  2012  2011 
 1995  1996  2013  2012 
 1996  1997  2014  2013 
 1997  1998  2015  2014 
 1998  1999  2016  2015 
 1999  2000  2017  2016 
 2000  2001  2018  2017 
 2001  2002  2019  2018 
 2002  2003  2020  2019 
 2003   234   235  2020 
   93  2004   252     2 
 2004  2005   251   252 
 2005  2006   250   251 
 2006  2007   249   250 
 2007  2008   248   249 
 2008  2009   247   248 
 2009  2010   246   247 
 2010  2011   245   246 
 2011  2012   244   245 
 2012  2013   243   244 
 2013  2014   242   243 
 2014  2015   241   242 
 2015  2016   240   241 
 2016  2017   239   240 
 2017  2018   238   239 
 2018  2019   237   238 
 2019  2020   236   237 
 2020   235     9   236