   0.00000000    1.50000000 
   1.50000000    0.00000000 
   1.09368873    1.02656949 
   2.00000000    0.00000000 
   2.00000000    2.00000000 
   0.00000000    2.00000000 
   0.00000000    1.00000000 
   0.75257671    0.65850460 
   1.00000000    0.00000000 
   0.00000000    1.97000003 
   0.00000000    1.92727268 
   0.00000000    1.88454545 
   0.00000000    1.84181821 
   0.00000000    1.79909086 
   0.00000000    1.75636363 
   0.00000000    1.71363640 
   0.00000000    1.67090905 
   0.00000000    1.62818182 
   0.00000000    1.58545458 
   0.00000000    1.54272723 
   0.03713456    1.49954033 
   0.07424635    1.49816132 
   0.11131264    1.49586415 
   0.14831069    1.49264991 
   0.18521784    1.48852086 
   0.22201145    1.48347938 
   0.25866899    1.47752845 
   0.29516795    1.47067189 
   0.33148599    1.46291387 
   0.36760083    1.45425916 
   0.40349033    1.44471300 
   0.43913254    1.43428123 
   0.47450554    1.42297029 
   0.50958770    1.41078711 
   0.54435748    1.39773917 
   0.57879359    1.38383448 
   0.61287492    1.36908150 
   0.64658058    1.35348940 
   0.67988992    1.33706760 
   0.71278250    1.31982613 
   0.74523812    1.30177581 
   0.77723700    1.28292739 
   0.80875939    1.26329267 
   0.83978605    1.24288344 
   0.87029797    1.22171247 
   0.90027642    1.19979262 
   0.92970300    1.17713737 
   0.95855969    1.15376055 
   0.98682886    1.12967646 
   1.01449311    1.10489988 
   1.04153550    1.07944608 
   1.06793940    1.05333066 
   1.54000437    0.00000000 
   1.58000886    0.00000000 
   1.62001324    0.00000000 
   1.66001761    0.00000000 
   1.70002210    0.00000000 
   1.74002647    0.00000000 
   1.78003085    0.00000000 
   1.82003534    0.00000000 
   1.86003971    0.00000000 
   1.90004408    0.00000000 
   1.94004858    0.00000000 
   1.97002423    0.00000000 
   1.11913347    0.99876934 
   1.14387178    0.97033876 
   1.16788805    0.94129562 
   1.19116712    0.91165835 
   1.21369421    0.88144559 
   1.23545527    0.85067642 
   1.25643635    0.81937027 
   1.27662444    0.78754693 
   1.29600656    0.75522643 
   1.31457067    0.72242922 
   1.33230495    0.68917596 
   1.34919822    0.65548772 
   1.36523986    0.62138569 
   1.38041973    0.58689141 
   1.39472818    0.55202663 
   1.40815616    0.51681346 
   1.42069542    0.48127401 
   1.43233776    0.44543079 
   1.44307601    0.40930638 
   1.45290327    0.37292358 
   1.46181345    0.33630541 
   1.46980095    0.29947495 
   1.47686052    0.26245543 
   1.48298800    0.22527026 
   1.48817921    0.18794288 
   1.49243116    0.15049687 
   1.49574089    0.11295585 
   1.49810660    0.07534353 
   1.49952662    0.03768366 
   2.00000000    0.06060606 
   2.00000000    0.12121213 
   2.00000000    0.18181819 
   2.00000000    0.24242425 
   2.00000000    0.30303031 
   2.00000000    0.36363637 
   2.00000000    0.42424244 
   2.00000000    0.48484850 
   2.00000000    0.54545456 
   2.00000000    0.60606062 
   2.00000000    0.66666669 
   2.00000000    0.72727275 
   2.00000000    0.78787881 
   2.00000000    0.84848487 
   2.00000000    0.90909094 
   2.00000000    0.96969700 
   2.00000000    1.03030300 
   2.00000000    1.09090912 
   2.00000000    1.15151513 
   2.00000000    1.21212125 
   2.00000000    1.27272725 
   2.00000000    1.33333337 
   2.00000000    1.39393938 
   2.00000000    1.45454550 
   2.00000000    1.51515150 
   2.00000000    1.57575762 
   2.00000000    1.63636363 
   2.00000000    1.69696975 
   2.00000000    1.75757575 
   2.00000000    1.81818187 
   2.00000000    1.87878788 
   2.00000000    1.93939400 
   1.93939400    2.00000000 
   1.87878788    2.00000000 
   1.81818187    2.00000000 
   1.75757575    2.00000000 
   1.69696975    2.00000000 
   1.63636363    2.00000000 
   1.57575762    2.00000000 
   1.51515150    2.00000000 
   1.45454550    2.00000000 
   1.39393938    2.00000000 
   1.33333337    2.00000000 
   1.27272725    2.00000000 
   1.21212125    2.00000000 
   1.15151513    2.00000000 
   1.09090912    2.00000000 
   1.03030300    2.00000000 
   0.96969700    2.00000000 
   0.90909094    2.00000000 
   0.84848487    2.00000000 
   0.78787881    2.00000000 
   0.72727275    2.00000000 
   0.66666669    2.00000000 
   0.60606062    2.00000000 
   0.54545456    2.00000000 
   0.48484850    2.00000000 
   0.42424244    2.00000000 
   0.36363637    2.00000000 
   0.30303031    2.00000000 
   0.24242425    2.00000000 
   0.18181819    2.00000000 
   0.12121213    2.00000000 
   0.06060606    2.00000000 
   0.00000000    1.44175386 
   0.00000000    1.38924277 
   0.00000000    1.34190202 
   0.00000000    1.29922247 
   0.00000000    1.26074517 
   0.00000000    1.22605646 
   0.00000000    1.19478321 
   0.00000000    1.16658914 
   0.00000000    1.14117122 
   0.00000000    1.11825585 
   0.00000000    1.09759688 
   0.00000000    1.07897186 
   0.00000000    1.06218088 
   0.00000000    1.04704309 
   0.00000000    1.03339577 
   0.00000000    1.02109218 
   0.00000000    1.00999999 
   0.02505521    0.99968606 
   0.05009469    0.99874449 
   0.07510272    0.99717581 
   0.10006359    0.99498105 
   0.12496164    0.99216157 
   0.14978123    0.98871917 
   0.17450677    0.98465598 
   0.19912276    0.97997457 
   0.22361371    0.97467786 
   0.24796428    0.96876919 
   0.27215913    0.96225226 
   0.29618314    0.95513117 
   0.32002118    0.94741040 
   0.34365827    0.93909478 
   0.36707962    0.93018955 
   0.39027047    0.92070025 
   0.41321629    0.91063291 
   0.43590266    0.89999384 
   0.45831534    0.88878965 
   0.48044029    0.87702745 
   0.50226355    0.86471456 
   0.52377152    0.85185879 
   0.54495054    0.83846819 
   0.56578749    0.82455110 
   0.58626920    0.81011635 
   0.60638279    0.79517293 
   0.62611562    0.77973020 
   0.64545536    0.76379800 
   0.66438985    0.74738616 
   0.68290722    0.73050511 
   0.70099580    0.71316540 
   0.71864420    0.69537795 
   0.73584145    0.67715383 
   0.76866633    0.63964993 
   0.78428376    0.62040228 
   0.79941934    0.60077345 
   0.81406373    0.58077556 
   0.82820803    0.56042081 
   0.84184349    0.53972173 
   0.85496169    0.51869112 
   0.86755467    0.49734181 
   0.87961465    0.47568694 
   0.89113420    0.45373982 
   0.90210629    0.43151397 
   0.91252410    0.40902296 
   0.92238128    0.38628069 
   0.93167180    0.36330107 
   0.94038993    0.34009826 
   0.94853026    0.31668651 
   0.95608789    0.29308018 
   0.96305805    0.26929379 
   0.96943659    0.24534196 
   0.97521955    0.22123939 
   0.98040330    0.19700091 
   0.98498476    0.17264138 
   0.98896104    0.14817579 
   0.99232972    0.12361917 
   0.99508876    0.09898660 
   0.99723643    0.07429321 
   0.99877143    0.04955418 
   0.99969280    0.02478470 
   1.00999999    0.00000000 
   1.02109218    0.00000000 
   1.03339577    0.00000000 
   1.04704309    0.00000000 
   1.06218088    0.00000000 
   1.07897186    0.00000000 
   1.09759688    0.00000000 
   1.11825585    0.00000000 
   1.14117122    0.00000000 
   1.16658914    0.00000000 
   1.19478321    0.00000000 
   1.22605646    0.00000000 
   1.26074517    0.00000000 
   1.29922247    0.00000000 
   1.34190202    0.00000000 
   1.38924277    0.00000000 
   1.44175386    0.00000000 
   1.82292533    1.87621462 
   1.10636425    1.14608598 
   1.17155385    1.21310067 
   1.23703134    1.28037429 
   1.30274546    1.34778309 
   1.36872876    1.41527534 
   1.43516827    1.48296046 
   1.50250912    1.55124044 
   1.57163739    1.62102866 
   1.64429832    1.69422960 
   1.72435641    1.77514672 
   1.75381160    1.89963925 
   1.69460535    1.91291499 
   1.63744617    1.92120695 
   1.58040917    1.92679048 
   1.52307141    1.93078673 
   1.46539903    1.93380833 
   1.40745294    1.93621802 
   1.34930611    1.93824053 
   1.29102015    1.94001627 
   1.23263979    1.94163096 
   1.17419434    1.94313407 
   1.11570132    1.94455218 
   1.05717075    1.94589853 
   0.99860823    1.94717872 
   0.94001675    1.94839501 
   0.88139856    1.94954753 
   0.82275546    1.95063663 
   0.76408905    1.95166183 
   0.70540112    1.95262337 
   0.64669311    1.95352185 
   0.58796662    1.95435846 
   0.52922326    1.95513594 
   0.47046453    1.95585954 
   0.41169190    1.95653832 
   0.35290679    1.95718861 
   0.29411042    1.95784092 
   0.23530395    1.95855367 
   0.17648833    1.95945132 
   0.11766449    1.96083033 
   0.05883384    1.96350169 
   1.93269205    0.05787582 
   1.92873394    0.11572120 
   1.92618489    0.17354023 
   1.92429388    0.23133562 
   1.92271852    0.28910887 
   1.92128062    0.34686047 
   1.91988027    0.40459004 
   1.91845906    0.46229649 
   1.91698194    0.51997823 
   1.91542768    0.57763338 
   1.91378391    0.63525975 
   1.91204321    0.69285482 
   1.91020131    0.75041622 
   1.90825605    0.80794138 
   1.90620685    0.86542767 
   1.90405333    0.92287242 
   1.90179622    0.98027295 
   1.89943540    1.03762615 
   1.89697015    1.09492779 
   1.89439607    1.15217137 
   1.89170098    1.20934534 
   1.88885832    1.26643085 
   1.88581753    1.32339990 
   1.88249493    1.38021815 
   1.87876225    1.43685627 
   1.87444258    1.49331486 
   1.86930704    1.54967701 
   1.86307979    1.60621119 
   1.85545731    1.66359389 
   1.84615874    1.72346306 
   1.83505976    1.79003227 
   1.92058706    1.91372573 
   0.05704648    1.92315364 
   0.05521446    1.88145256 
   0.05333211    1.83919966 
   0.05139946    1.79668987 
   0.04942131    1.75405431 
   0.04740578    1.71136749 
   0.04536287    1.66868579 
   0.04330340    1.62606645 
   0.04123829    1.58358073 
   0.03917843    1.54133725 
   0.11407784    1.92031443 
   0.11040656    1.87881660 
   0.10663766    1.83672953 
   0.10277034    1.79430032 
   0.09881358    1.75168347 
   0.09478302    1.70898879 
   0.09069822    1.66631114 
   0.08658045    1.62374902 
   0.08245146    1.58142066 
   0.07833292    1.53948331 
   0.17109372    1.91833961 
   0.16557585    1.87662077 
   0.15991479    1.83443093 
   0.15410875    1.79191887 
   0.14817046    1.74921381 
   0.14212272    1.70643067 
   0.13599424    1.66368282 
   0.12981659    1.62109268 
   0.12362217    1.57880330 
   0.11744341    1.53698921 
   0.22809297    1.91681886 
   0.22072066    1.87470090 
   0.21316056    1.83223307 
   0.20540986    1.78949749 
   0.19748488    1.74659288 
   0.18941528    1.70362687 
   0.18123879    1.66071796 
   0.17299703    1.61799967 
   0.16473301    1.57562602 
   0.15648988    1.53377533 
   0.28507400    1.91550124 
   0.27583849    1.87290168 
   0.26637107    1.83004224 
   0.25666797    1.78697014 
   0.24674900    1.74376249 
   0.23665059    1.70051718 
   0.22641927    1.65735126 
   0.21610668    1.61440170 
   0.20576637    1.57182586 
   0.19545214    1.52980113 
   0.34203482    1.91424417 
   0.33092615    1.87110865 
   0.31954169    1.82777429 
   0.30787671    1.78427303 
   0.29595444    1.74066842 
   0.28381804    1.69705033 
   0.27152279    1.65353262 
   0.25913030    1.61025143 
   0.24670452    1.56736374 
   0.23431005    1.52504408 
   0.39897317    1.91296697 
   0.38598004    1.86924493 
   0.37266725    1.82536495 
   0.35902908    1.78135300 
   0.34509224    1.73726535 
   0.33090654    1.69318604 
   0.31653604    1.64922500 
   0.30205223    1.60551620 
   0.28752959    1.56221449 
   0.27304339    1.51949131 
   0.45588639    1.91162288 
   0.44099605    1.86726058 
   0.42574203    1.82276833 
   0.41011763    1.77817011 
   0.39415303    1.73351848 
   0.37790471    1.68889332 
   0.36144552    1.64440107 
   0.34485686    1.60017335 
   0.32822370    1.55636215 
   0.31163201    1.51313567 
   0.51277167    1.91018450 
   0.49596983    1.86512399 
   0.47875997    1.81995332 
   0.46113455    1.77469611 
   0.44312710    1.72940266 
   0.42480090    1.68415034 
   0.40623754    1.63904262 
   0.38752836    1.59420836 
   0.36876884    1.54979718 
   0.35005572    1.50597429 
   0.56962597    1.90863574 
   0.55089676    1.86281586 
   0.53171486    1.81690001 
   0.51207179    1.77091205 
   0.49200460    1.72490120 
   0.47158328    1.67894244 
   0.45089820    1.63313758 
   0.43005079    1.58761263 
   0.40914702    1.54251468 
   0.38829440    1.49800658 
   0.62644631    1.90696764 
   0.60577214    1.86032450 
   0.58460021    1.81359589 
   0.56292117    1.76680589 
   0.54077548    1.72000313 
   0.51823986    1.67326093 
   0.49541360    1.62667894 
   0.47240824    1.58038139 
   0.44934028    1.53451312 
   0.42632806    1.48923421 
   0.68322939    1.90517473 
   0.66059112    1.85764337 
   0.63740969    1.81003416 
   0.61367446    1.76237130 
   0.58942962    1.71470261 
   0.56475866    1.66710079 
   0.53976989    1.61966360 
   0.51458484    1.57251346 
   0.48933068    1.52579308 
   0.46413669    1.47966027 
   0.73997217    1.90325475 
   0.71534908    1.85476935 
   0.69013661    1.80621111 
   0.66432333    1.75760460 
   0.63795698    1.70899713 
   0.61112779    1.66046047 
   0.58395314    1.61209106 
   0.55656469    1.56400967 
   0.52910042    1.51635718 
   0.50170052    1.46928930 
   0.79667139    1.90120649 
   0.77004099    1.85170078 
   0.74277455    1.80212533 
   0.71485955    1.75250494 
   0.68634737    1.70288634 
   0.65733516    1.65334022 
   0.62794948    1.60396266 
   0.59833205    1.55487251 
   0.56863177    1.50620914 
   0.53899980    1.45812666 
   0.85332370    1.89902997 
   0.82466191    1.84843791 
   0.79531676    1.79777730 
   0.76527470    1.74707294 
   0.73459065    1.69637108 
   0.70336890    1.64574230 
   0.67174506    1.59528124 
   0.63987124    1.54510593 
   0.60790718    1.49535418 
   0.57601494    1.44617844 
   0.90992588    1.89672542 
   0.87920701    1.84498119 
   0.84775668    1.79316783 
   0.81556046    1.74131000 
   0.78267676    1.68945384 
   0.74921703    1.63766932 
   0.71532607    1.58605063 
   0.68116647    1.53471458 
   0.64690888    1.48379803 
   0.61272657    1.43345153 
   0.96647453    1.89429307 
   0.93367094    1.84133112 
   0.90008724    1.78829801 
   0.86570782    1.73521781 
   0.83059484    1.68213689 
   0.79486686    1.62912452 
   0.75867808    1.57627463 
   0.72220159    1.52370310 
   0.68561912    1.47154605 
   0.64911509    1.41995299 
   1.02296543    1.89173269 
   0.98804748    1.83748734 
   0.95230007    1.78316712 
   0.91570640    1.72879612 
   0.87833250    1.67442024 
   0.84030426    1.62010884 
   0.80178523    1.56595540 
   0.76295912    1.51207542 
   0.72401887    1.45860386 
   0.68516040    1.40568960 
   1.07939243    1.88904035 
   1.04232764    1.83344495 
   1.00438309    1.77776992 
   0.96554148    1.72203922 
   0.92587280    1.66629887 
   0.88551033    1.61061847 
   0.84462726    1.55509067 
   0.80341804    1.49983096 
   0.76208687    1.44497371 
   0.72084129    1.39066720 
   1.13574481    1.88620603 
   1.09649539    1.82918966 
   1.05631602    1.77208936 
   1.01518917    1.71492934 
   0.97318918    1.65775573 
   0.93045711    1.60063803 
   0.88717580    1.54366875 
   0.84355050    1.48696244 
   0.79979682    1.43065321 
   0.75613403    1.37488925 
   1.19200313    1.88320494 
   1.15052223    1.82468760 
   1.10806251    1.76608551 
   1.06460750    1.70742428 
   1.02023673    1.64875007 
   0.97509909    1.59013104 
   0.92938697    1.53165889 
   0.88331640    1.47344732 
   0.83711404    1.41562974 
   0.79101056    1.35835397 
   1.24813223    1.87998652 
   1.20435727    1.81987000 
   1.15955949    1.75967920 
   1.11372519    1.69944179 
   1.06694102    1.63920236 
   1.01936340    1.57902670 
   0.97119361    1.51900280 
   0.92265713    1.45924211 
   0.87399089    1.39987636 
   0.82543647    1.34105277 
   1.30407333    1.87645757 
   1.25791597    1.81461215 
   1.21070290    1.75272882 
   1.16242814    1.69083714 
   1.11318576    1.62897658 
   1.06313920    1.56720495 
   1.01249599    1.50560200 
   0.96148926    1.44427323 
   0.91036361    1.38334668 
   0.85936958    1.32296801 
   1.35973632    1.87245929 
   1.31106925    1.80870652 
   1.26133657    1.74500513 
   1.21054649    1.68138230 
   1.15880108    1.61786246 
   1.10626769    1.55448389 
   1.05315590    1.49130964 
   0.99970019    1.42843223 
   0.94614905    1.36597180 
   0.89275819    1.30407071 
   1.41499448    1.86773729 
   1.36363423    1.80183125 
   1.31124020    1.73616350 
   1.25784433    1.67074478 
   1.20355606    1.60556197 
   1.14853859    1.54061270 
   1.09299338    1.47592711 
   1.03714752    1.41157424 
   0.98124540    1.34766078 
   0.92554200    1.28432250 
   1.46968448    1.86189806 
   1.41536748    1.79350877 
   1.36012077    1.72571564 
   1.30401421    1.65847337 
   1.24715662    1.59168530 
   1.18969059    1.52527308 
   1.13179123    1.45920873 
   1.07366323    1.39352393 
   1.01553535    1.32830453 
   0.95765400    1.26367688 
   1.52361345    1.85433698 
   1.46595502    1.78304994 
   1.40760088    1.71300077 
   1.34867120    1.64399147 
   1.28924835    1.57576001 
   1.22941971    1.50809479 
   1.16930461    1.44087863 
   1.10906351    1.37409019 
   1.04889417    1.30778718 
   0.98902446    1.24208534 
   1.57656932    1.84410143 
   1.51498067    1.76946592 
   1.45318973    1.69715452 
   1.39134264    1.62660646 
   1.32942080    1.55725479 
   1.26739204    1.48868442 
   1.20527673    1.42065728 
   1.14316320    1.35308695 
   1.08120060    1.28600073 
   1.01958752    1.21950531 
   1.62830138    1.82961178 
   1.56182253    1.75133634 
   1.49621856    1.67709601 
   1.43145072    1.60554612 
   1.36721718    1.53563190 
   1.30326414    1.46667290 
   1.23946035    1.39829826 
   1.17579472    1.33036089 
   1.11235189    1.26286411 
   1.04929018    1.19591117 
   1.67823792    1.80807209 
   1.60535002    1.72666073 
   1.53572416    1.65158343 
   1.46830106    1.58006108 
   1.40216088    1.51043344 
   1.33671415    1.44177771 
   1.27164412    1.37363219 
   1.20682919    1.30582190 
   1.14228177    1.23834634 
   1.07810736    1.17131090 
   1.53853548    0.03969941 
   1.57798648    0.04172693 
   1.61767244    0.04375433 
   1.65748489    0.04576587 
   1.69735348    0.04774167 
   1.73722136    0.04965902 
   1.77703214    0.05149555 
   1.81671178    0.05323374 
   1.85613489    0.05486555 
   1.89502740    0.05639565 
   1.53658533    0.07937485 
   1.57566428    0.08342895 
   1.61511743    0.08748156 
   1.65478957    0.09150092 
   1.69456458    0.09544746 
   1.73434448    0.09927660 
   1.77403402    0.10294502 
   1.81352222    0.10641930 
   1.85265338    0.10968479 
   1.89117837    0.11275153 
   1.53397107    0.11900516 
   1.57286298    0.12508765 
   1.61220360    0.13116628 
   1.65182245    0.13719311 
   1.69158030    0.14310907 
   1.73135579    0.14884833 
   1.77103519    0.15434757 
   1.81050038    0.15955874 
   1.84961510    0.16446158 
   1.88821554    0.16907191 
   1.53060961    0.15856920 
   1.56947505    0.16668457 
   1.60882807    0.17479297 
   1.64849639    0.18283015 
   1.68833125    0.19071765 
   1.72820246    0.19836879 
   1.76799142    0.20570105 
   1.80758727    0.21265252 
   1.84688365    0.21919800 
   1.88578403    0.22535947 
   1.52645850    0.19804580 
   1.56543517    0.20820123 
   1.60492015    0.21834597 
   1.64474392    0.22839937 
   1.68475664    0.23826367 
   1.72482681    0.24783160 
   1.76483893    0.25700194 
   1.80469382    0.26569945 
   1.84430993    0.27389443 
   1.88363099    0.28161538 
   1.52149534    0.23741382 
   1.56070375    0.24961902 
   1.60043192    0.26180935 
   1.64051485    0.27388763 
   1.68080521    0.28573683 
   1.72117472    0.29722935 
   1.76151395    0.30824542 
   1.80173445    0.31869686 
   1.84177220    0.32854989 
   1.88159239    0.33783957 
   1.51570749    0.27665210 
   1.55525625    0.29091924 
   1.59533143    0.30516693 
   1.63577247    0.31928143 
   1.67643690    0.33312631 
   1.71720099    0.34655377 
   1.75796175    0.35942566 
   1.79863966    0.37164101 
   1.83918166    0.38316211 
   1.87956393    0.39403087 
   1.50908911    0.31573951 
   1.54907823    0.33208317 
   1.58959746    0.34840238 
   1.63049161    0.36456686 
   1.67162216    0.38042074 
   1.71287060    0.39579588 
   1.75413990    0.41053587 
   1.79535747    0.42452699 
   1.83647668    0.43772790 
   1.87747896    0.45018727 
   1.50163794    0.35465497 
   1.54216158    0.37309194 
   1.58321774    0.39149928 
   1.62465501    0.40972981 
   1.66633964    0.42760825 
   1.70815802    0.44494611 
   1.75001788    0.46156856 
   1.79185152    0.47734934 
   1.83361626    0.49224323 
   1.87529576    0.50630611 
   1.49335492    0.39337745 
   1.53450310    0.41392684 
   1.57618475    0.43444103 
   1.61825228    0.45475596 
   1.66057587    0.47467682 
   1.70304608    0.49399450 
   1.74557471    0.51251584 
   1.78809714    0.53010190 
   1.83057332    0.54670364 
   1.87298751    0.56238425 
   1.48424268    0.43188602 
   1.52610266    0.45456910 
   1.56849575    0.47721106 
   1.61127794    0.49963093 
   1.65432286    0.52161413 
   1.69752407    0.54293084 
   1.74079680    0.56336933 
   1.78407884    0.58277804 
   1.82733130    0.60110420 
   1.87053835    0.61841816 
   1.47430515    0.47015992 
   1.51696205    0.49500004 
   1.56015086    0.51979286 
   1.60373020    0.54434025 
   1.64757645    0.56840777 
   1.69158614    0.59174466 
   1.73567677    0.61412060 
   1.77978742    0.63537109 
   1.82388008    0.65543973 
   1.86793852    0.67440414 
   1.46354771    0.50817835 
   1.50708497    0.53520107 
   1.55115199    0.56216991 
   1.59560931    0.58886951 
   1.64033580    0.61504531 
   1.68522978    0.64042556 
   1.73021030    0.66476101 
   1.77521777    0.68787420 
   1.82021403    0.70970494 
   1.86518252    0.73033839 
   1.45197654    0.54592085 
   1.49647641    0.57515371 
   1.54150248    0.60432577 
   1.58691740    0.63320428 
   1.63260186    0.66151434 
   1.67845500    0.68896300 
   1.72439647    0.71528184 
   1.77036762    0.74028021 
   1.81633031    0.76389438 
   1.86226749    0.78621686 
   1.43959832    0.58336705 
   1.48514199    0.61483967 
   1.53120732    0.64624417 
   1.57765865    0.67733026 
   1.62437713    0.70780253 
   1.67126298    0.73734641 
   1.71823597    0.76567423 
   1.76523697    0.79258215 
   1.81222820    0.81800246 
   1.85919249    0.84203559 
   1.42642069    0.62049675 
   1.47308826    0.65424085 
   1.52027202    0.68790907 
   1.56783724    0.72123337 
   1.61566544    0.75389755 
   1.66365647    0.78556538 
   1.71173024    0.81592959 
   1.75982666    0.84477282 
   1.80790806    0.87202382 
   1.85595727    0.89779049 
   1.41245186    0.65728998 
   1.46032250    0.69333917 
   1.50870287    0.72930419 
   1.55745840    0.76489919 
   1.60647082    0.79978704 
   1.65563917    0.83360934 
   1.70488191    0.86603904 
   1.75413871    0.89684516 
   1.80337095    0.92595261 
   1.85256267    0.95347726 
   1.39770019    0.69372690 
   1.44685221    0.73211670 
   1.49650633    0.77041358 
   1.54652786    0.80831361 
   1.59679794    0.84545851 
   1.64721417    0.88146746 
   1.69769371    0.91599327 
   1.74817443    0.94879132 
   1.79861796    0.97978258 
   1.84900880    1.00909102 
   1.38217473    0.72978765 
   1.43268526    0.77055526 
   1.48368883    0.81122071 
   1.53505075    0.85146153 
   1.58665061    0.89089823 
   1.63838422    0.92912734 
   1.69016647    0.96578121 
   1.74193406    1.00060153 
   1.79364777    1.03350532 
   1.84529400    1.06462514 
   1.36588466    0.76545239 
   1.41782880    0.80863595 
   1.47025585    0.85170716 
   1.52303004    0.89432526 
   1.57602954    0.93608892 
   1.62914753    0.97657198 
   1.68229640    1.01538658 
   1.73541141    1.05226064 
   1.78845358    1.08710766 
   1.84141123    1.12006903 
   1.34883809    0.80069971 
   1.40228772    0.84633660 
   1.45620799    0.89184988 
   1.51046252    0.93688011 
   1.56492662    0.98100454 
   1.61949158    1.02377462 
   1.67406738    1.06478262 
   1.72858787    1.10374331 
   1.78301549    1.14056730 
   1.83734202    1.17540431 
   1.33104074    0.83550519 
   1.38606048    0.88362837 
   1.44153619    0.93161452 
   1.49733019    0.97908670 
   1.55331612    1.02560115 
   1.60938287    1.07068825 
   1.66543901    1.11392200 
   1.72141945    1.15500522 
   1.77728987    1.19384575 
   1.83304763    1.23060155 
   1.31249261    0.86983836 
   1.36913347    0.92046911 
   1.42621160    0.97094744 
   1.48358917    1.02087998 
   1.54113877    1.06980491 
   1.59874868    1.11723399 
   1.65632939    1.16272616 
   1.71382022    1.20597422 
   1.77119362    1.24688292 
   1.82845592    1.28561616 
   1.29318345    0.90365797 
   1.35147166    0.95679563 
   1.41017413    1.00976372 
   1.46915364    1.06215620 
   1.52828455    1.11349750 
   1.58745909    1.16328728 
   1.64659464    1.21107423 
   1.70564198    1.25654352 
   1.76458716    1.29959536 
   1.82344842    1.34039140 
   1.27308893    0.93690789 
   1.33301175    0.99251568 
   1.39332044    1.04793751 
   1.45388162    1.10276127 
   1.51457632    1.15650606 
   1.57530761    1.20866883 
   1.63601041    1.25879645 
   1.69665742    1.30656993 
   1.75725794    1.35187864 
   1.81784701    1.39486623 
   1.25216699    0.96951437 
   1.31365561    1.02750397 
   1.37549686    1.08529747 
   1.43756652    1.14248657 
   1.49975932    1.19859850 
   1.56200111    1.25314200 
   1.62425900    1.30567503 
   1.68654525    1.35587907 
   1.74890733    1.40362203 
   1.81140399    1.44899869 
   1.23035932    1.00138640 
   1.29327297    1.06160331 
   1.35650289    1.12162936 
   1.41994047    1.18107331 
   1.48350549    1.23948860 
   1.54716098    1.29641688 
   1.61092746    1.35144734 
   1.67488265    1.40427339 
   1.73913896    1.45472813 
   1.80379307    1.50280440 
   1.20759726    1.03241944 
   1.27171159    1.09463394 
   1.33610487    1.15668917 
   1.40069294    1.21822667 
   1.46543145    1.27884805 
   1.53033805    1.33815706 
   1.59551322    1.39580739 
   1.66114008    1.45153165 
   1.72744370    1.50512862 
   1.79459500    1.55641460 
   1.18381417    1.06249917 
   1.24881732    1.12640548 
   1.31406319    1.19022202 
   1.37950110    1.25363612 
   1.44513142    1.31632161 
   1.51104140    1.37798107 
   1.57744050    1.43838501 
   1.64467132    1.49737191 
   1.71316159    1.55476332 
   1.78325963    1.61014998 
   1.15896893    1.09150004 
   1.22445846    1.15673280 
   1.29016256    1.22198594 
   1.35606933    1.28700018 
   1.42222261    1.35154378 
   1.48878157    1.41545641 
   1.55608308    1.47869563 
   1.62469029    1.54133725 
   1.69538689    1.60343719 
   1.76898289    1.66455173 
   1.13309550    1.11925173 
   1.19854331    1.18545341 
   1.26424026    1.25177824 
   1.33017123    1.31805468 
   1.39639878    1.38416100 
   1.46313190    1.45009732 
   1.53081572    1.51606905 
   1.60025358    1.58256388 
   1.67276621    1.65034688 
   1.75029135    1.72001934 
   1.96686852    0.05925141 
   1.96473503    0.11848694 
   1.96330619    0.17770879 
   1.96226728    0.23691844 
   1.96142721    0.29611677 
   1.96067846    0.35530406 
   1.95996106    0.41448027 
   1.95923972    0.47364479 
   1.95849466    0.53279698 
   1.95771337    0.59193599 
   1.95688879    0.65106058 
   1.95601678    0.71016961 
   1.95509505    0.76926190 
   1.95412207    0.82833624 
   1.95309770    0.88739121 
   1.95202172    0.94642550 
   1.95089412    1.00543785 
   1.94971490    1.06442654 
   1.94848347    1.12338948 
   1.94719696    1.18232310 
   1.94584870    1.24122119 
   1.94442368    1.30007458 
   1.94289470    1.35886979 
   1.94121754    1.41759229 
   1.93932605    1.47623408 
   1.93713117    1.53481102 
   1.93452263    1.59339929 
   1.93138456    1.65221071 
   1.92764711    1.71175253 
   1.92345870    1.77317297 
   1.91977632    1.83892977 
   0.03572741    1.44131112 
   0.03445881    1.38881528 
   0.03331512    1.34148836 
   0.03228404    1.29882121 
   0.03135448    1.26035523 
   0.03051644    1.22567654 
   0.02976092    1.19441247 
   0.02907979    1.16622663 
   0.02846572    1.14081609 
   0.02791212    1.11790740 
   0.02741302    1.09725440 
   0.02696307    1.07863498 
   0.02655742    1.06184876 
   0.02619171    1.04671538 
   0.02586201    1.03307211 
   0.02556477    1.02077210 
   0.02529680    1.00968313 
   0.07143287    1.43998313 
   0.06889641    1.38753331 
   0.06660970    1.34024775 
   0.06454813    1.29761791 
   0.06268955    1.25918555 
   0.06101397    1.22453725 
   0.05950337    1.19330049 
   0.05814150    1.16513932 
   0.05691373    1.13975096 
   0.05580684    1.11686242 
   0.05480894    1.09622753 
   0.05390930    1.07762432 
   0.05309823    1.06085277 
   0.05236703    1.04573262 
   0.05170782    1.03210127 
   0.05111351    1.01981199 
   0.05057772    1.00873280 
   0.10709447    1.43777084 
   0.10329162    1.38539743 
   0.09986321    1.33818090 
   0.09677236    1.29561329 
   0.09398584    1.25723696 
   0.09147369    1.22263920 
   0.08920889    1.19144797 
   0.08716708    1.16332793 
   0.08532631    1.13797665 
   0.08366679    1.11512148 
   0.08217067    1.09451663 
   0.08082185    1.07594049 
   0.07960585    1.05919349 
   0.07850957    1.04409540 
   0.07752123    1.03048396 
   0.07663020    1.01821268 
   0.07582691    1.00714958 
   0.14269029    1.43467546 
   0.13762326    1.38240910 
   0.13305515    1.33528900 
   0.12893683    1.29280841 
   0.12522399    1.25451052 
   0.12187672    1.21998358 
   0.11885904    1.18885612 
   0.11613848    1.16079354 
   0.11368579    1.13549399 
   0.11147460    1.11268556 
   0.10948112    1.09212291 
   0.10768393    1.07358479 
   0.10606368    1.05687201 
   0.10460297    1.04180479 
   0.10328609    1.02822113 
   0.10209886    1.01597488 
   0.10102853    1.00493443 
   0.17819846    1.43069887 
   0.17187022    1.37857008 
   0.16616507    1.33157396 
   0.16102165    1.28920519 
   0.15638466    1.25100815 
   0.15220424    1.21657193 
   0.14843543    1.18552649 
   0.14503770    1.15753770 
   0.14197451    1.13230479 
   0.13921294    1.10955632 
   0.13672327    1.08904779 
   0.13447873    1.07055843 
   0.13245520    1.05388963 
   0.13063091    1.03886211 
   0.12898624    1.02531409 
   0.12750350    1.01310015 
   0.12616676    1.00208879 
   0.21359719    1.42584360 
   0.20601142    1.37388277 
   0.19917254    1.32703805 
   0.19300704    1.28480577 
   0.18744859    1.24673176 
   0.18243744    1.21240664 
   0.17791970    1.18146110 
   0.17384677    1.15356255 
   0.17017488    1.12841094 
   0.16686451    1.10573578 
   0.16388011    1.08529317 
   0.16118954    1.06686354 
   0.15876390    1.05024838 
   0.15657708    1.03526926 
   0.15460558    1.02176487 
   0.15282820    1.00959027 
   0.15122584    0.99861437 
   0.24886474    1.42011261 
   0.24002583    1.36835003 
   0.23205721    1.32168412 
   0.22487321    1.27961302 
   0.21839654    1.24168420 
   0.21255758    1.20748997 
   0.20729354    1.17666256 
   0.20254779    1.14887035 
   0.19826932    1.12381470 
   0.19441213    1.10122609 
   0.19093470    1.08086157 
   0.18779968    1.06250215 
   0.18497333    1.04595041 
   0.18242526    1.03102839 
   0.18012808    1.01757562 
   0.17805709    1.00544751 
   0.17619002    0.99451345 
   0.28397942    1.41350949 
   0.27389255    1.36197531 
   0.26479882    1.31551540 
   0.25660050    1.27362990 
   0.24920939    1.23586845 
   0.24254602    1.20182514 
   0.23653872    1.17113376 
   0.23112293    1.14346433 
   0.22624038    1.11851919 
   0.22183856    1.09603024 
   0.21787016    1.07575560 
   0.21429250    1.05747724 
   0.21106710    1.04099846 
   0.20815927    1.02614236 
   0.20553775    1.01274896 
   0.20317435    1.00067425 
   0.20104365    0.98978853 
   0.31891969    1.40603817 
   0.30759072    1.35476255 
   0.29737720    1.30853558 
   0.28816932    1.26686013 
   0.27986807    1.22928822 
   0.27238414    1.19541562 
   0.26563713    1.16487813 
   0.25955442    1.13734746 
   0.25407061    1.11252749 
   0.24912676    1.09015143 
   0.24466969    1.06997848 
   0.24065147    1.05179167 
   0.23702888    1.03539574 
   0.23376299    1.02061403 
   0.23081866    1.00728786 
   0.22816423    0.99527377 
   0.22577116    0.98444259 
   0.35366410    1.39770329 
   0.34109959    1.34671605 
   0.32977223    1.30074906 
   0.31956014    1.25930810 
   0.31035358    1.22194743 
   0.30205348    1.18826544 
   0.29457066    1.15789974 
   0.28782457    1.13052392 
   0.28174272    1.10584354 
   0.27625972    1.08359325 
   0.27131656    1.06353378 
   0.26686013    1.04544938 
   0.26284248    1.02914548 
   0.25922039    1.01444697 
   0.25595498    1.00119579 
   0.25301105    0.98924923 
   0.25035700    0.97847897 
   0.38819128    1.38850999 
   0.37439859    1.33784091 
   0.36196393    1.29216075 
   0.35075364    1.25097835 
   0.34064710    1.21385086 
   0.33153567    1.18037891 
   0.32332137    1.15020275 
   0.31591585    1.12299776 
   0.30923951    1.09847128 
   0.30322051    1.07635987 
   0.29779416    1.05642557 
   0.29290208    1.03845394 
   0.28849173    1.02225184 
   0.28451559    1.00764513 
   0.28093094    0.99447650 
   0.27769926    0.98260450 
   0.27478576    0.97190148 
   0.42248005    1.37846398 
   0.40746719    1.32814252 
   0.39393249    1.28277588 
   0.38173047    1.24187601 
   0.37072986    1.20500326 
   0.36081240    1.17176104 
   0.35187140    1.14179194 
   0.34381077    1.11477363 
   0.33654380    1.09041548 
   0.32999235    1.06845582 
   0.32408595    1.04865825 
   0.31876111    1.03081000 
   0.31396055    1.01471913 
   0.30963269    1.00021255 
   0.30573094    0.98713428 
   0.30221337    0.97534376 
   0.29904213    0.96471417 
   0.45650932    1.36757123 
   0.44028503    1.31762695 
   0.42565820    1.27260017 
   0.41247153    1.23200679 
   0.40058327    1.19541025 
   0.38986555    1.16241717 
   0.38020310    1.13267255 
   0.37149203    1.10585666 
   0.36363864    1.08168113 
   0.35655853    1.05988586 
   0.35017553    1.04023671 
   0.34442103    1.02252209 
   0.33923310    1.00655186 
   0.33455598    0.99215394 
   0.33033940    0.97917372 
   0.32653800    0.96747154 
   0.32311085    0.95692158 
   0.49025822    1.35583866 
   0.47283193    1.30630040 
   0.45712146    1.26163983 
   0.44295788    1.22137666 
   0.43018886    1.18507779 
   0.41867709    1.15235293 
   0.40829879    1.12285030 
   0.39894235    1.09625244 
   0.39050716    1.07227349 
   0.38290253    1.05065560 
   0.37604666    1.03116608 
   0.36986580    1.01359570 
   0.36429355    0.99775523 
   0.35926992    0.98347443 
   0.35474095    0.97059977 
   0.35065788    0.95899278 
   0.34697685    0.94852865 
   0.52370602    1.34327328 
   0.50508785    1.29417014 
   0.48830292    1.24990189 
   0.47317064    1.20999217 
   0.45952830    1.17401218 
   0.44722921    1.14157474 
   0.43614110    1.11233115 
   0.42614475    1.08596694 
   0.41713265    1.06219864 
   0.40900791    1.04077053 
   0.40168312    1.02145231 
   0.39507955    1.00403607 
   0.38912618    0.98833478 
   0.38375899    0.97417945 
   0.37892026    0.96141785 
   0.37455794    0.94991279 
   0.37062517    0.93954050 
   0.55683213    1.32988298 
   0.53703302    1.28124356 
   0.51918334    1.23739326 
   0.50309116    1.19786060 
   0.48858345    1.16222024 
   0.47550419    1.13008916 
   0.46371275    1.10112178 
   0.45308229    1.07500660 
   0.44349852    1.05146265 
   0.43485838    1.03023696 
   0.42706898    1.01110113 
   0.42004654    0.99384946 
   0.41371551    0.97829640 
   0.40800786    0.96427476 
   0.40286219    0.95163369 
   0.39822319    0.94023722 
   0.39404091    0.92996293 
   0.58961624    1.31567585 
   0.56864768    1.26752853 
   0.54974365    1.22412193 
   0.53270096    1.18498909 
   0.51733631    1.14970946 
   0.50348455    1.11790347 
   0.49099657    1.08922911 
   0.47973821    1.06337810 
   0.46958837    1.04007232 
   0.46043789    1.01906145 
   0.45218837    1.00011921 
   0.44475114    0.98304206 
   0.43804616    0.96764636 
   0.43200138    0.95376653 
   0.42655179    0.94125336 
   0.42163876    0.92997223 
   0.41720945    0.91980189 
   0.62203825    1.30066073 
   0.59991240    1.25303352 
   0.57996505    1.21009588 
   0.56198180    1.17138588 
   0.54576916    1.13648736 
   0.53115284    1.10502493 
   0.51797569    1.07666039 
   0.50609600    1.05108869 
   0.49538594    1.02803481 
   0.48573047    1.00725079 
   0.47702566    0.98851329 
   0.46917793    0.97162062 
   0.46210292    0.95639127 
   0.45572451    0.94266146 
   0.44997415    0.93028343 
   0.44478998    0.91912419 
   0.44011623    0.90906376 
   0.65407819    1.28484666 
   0.63080794    1.23776758 
   0.60982889    1.19532382 
   0.59091550    1.15705931 
   0.57386434    1.12256229 
   0.55849206    1.09146190 
   0.54463333    1.06342363 
   0.53213918    1.03814614 
   0.52087522    1.01535749 
   0.51072031    0.99481261 
   0.50156528    0.97629064 
   0.49331170    0.95959240 
   0.48587075    0.94453824 
   0.47916243    0.93096638 
   0.47311464    0.91873079 
   0.46766233    0.90769994 
   0.46274683    0.89775521 
   0.68571645    1.26824355 
   0.66131532    1.22173989 
   0.63931680    1.17981493 
   0.61948425    1.14201808 
   0.60160446    1.10794270 
   0.58548516    1.07722247 
   0.57095301    1.04952693 
   0.55785167    1.02455842 
   0.54604030    1.00204825 
   0.53539193    0.98175454 
   0.52579200    0.96345896 
   0.51713729    0.94696474 
   0.50933474    0.93209463 
   0.50230044    0.91868865 
   0.49595874    0.90660262 
   0.49024147    0.89570659 
   0.48508713    0.88588339 
   0.71693349    1.25086153 
   0.69141573    1.20496035 
   0.66841054    1.16357875 
   0.64767045    1.12627161 
   0.62897247    1.09263778 
   0.61211550    1.06231558 
   0.59691828    1.03497887 
   0.58321744    1.01033390 
   0.57086557    0.98811543 
   0.55972987    0.96808469 
   0.54969066    0.95002615 
   0.54063988    0.93374568 
   0.53248030    0.91906822 
   0.52512407    0.90583593 
   0.51849216    0.89390653 
   0.51251328    0.88315171 
   0.50712305    0.87345582 
   0.74771023    1.23271120 
   0.72109073    1.18743944 
   0.69709217    1.14662516 
   0.67545658    1.10982955 
   0.65595126    1.07665694 
   0.63836652    1.04675043 
   0.62251311    1.01978862 
   0.60822070    0.99548149 
   0.59533554    0.97356772 
   0.58371907    0.95381159 
   0.57324636    0.93600065 
   0.56380480    0.91994345 
   0.55529290    0.90546721 
   0.54761905    0.89241636 
   0.54070085    0.88065052 
   0.53446376    0.87004310 
   0.52884078    0.86048019 
   0.77802771    1.21380389 
   0.75032192    1.16918790 
   0.72534406    1.12896478 
   0.70282561    1.09270215 
   0.68252432    1.06000996 
   0.66422194    1.03053677 
   0.64772159    1.00396550 
   0.63284594    0.98001045 
   0.61943495    0.95841408 
   0.60734445    0.93894416 
   0.59644437    0.92139119 
   0.58661753    0.90556657 
   0.57775825    0.89130008 
   0.56977129    0.87843823 
   0.56257075    0.86684281 
   0.55607915    0.85638910 
   0.55022675    0.84696466 
   0.80786735    1.19415104 
   0.77909142    1.15021682 
   0.75314879    1.11060846 
   0.72976053    1.07489991 
   0.70867509    1.04270732 
   0.68966573    1.01368451 
   0.67252815    0.98751932 
   0.65707785    0.96393037 
   0.64314890    0.94266403 
   0.63059139    0.92349160 
   0.61927027    0.90620691 
   0.60906386    0.89062411 
   0.59986240    0.87657559 
   0.59156692    0.86391038 
   0.58408827    0.85249215 
   0.57734591    0.84219813 
   0.57126749    0.83291775 
   0.83721083    1.17376471 
   0.80738145    1.13053799 
   0.78048921    1.09156740 
   0.75624472    1.05643392 
   0.73438746    1.02475977 
   0.71468222    0.99620426 
   0.69691724    0.97046036 
   0.68090141    0.94725126 
   0.66646254    0.92632735 
   0.65344530    0.90746367 
   0.64170980    0.89045727 
   0.63112974    0.87512541 
   0.62159145    0.86130309 
   0.61299235    0.84884179 
   0.60523987    0.83760744 
   0.59825075    0.82747924 
   0.59194976    0.81834823 
   0.86604005    1.15265763 
   0.83517468    1.11016357 
   0.80734837    1.07185352 
   0.78226191    1.03731549 
   0.75964546    1.00617814 
   0.73925585    0.97810668 
   0.72087383    0.95279914 
   0.70430178    0.92998344 
   0.68936139    0.90941417 
   0.67589206    0.89087021 
   0.66374892    0.87415212 
   0.65280145    0.85908008 
   0.64293188    0.84549206 
   0.63403404    0.83324200 
   0.62601233    0.82219803 
   0.61878043    0.81224149 
   0.61226064    0.80326527 
   0.89433742    1.13084245 
   0.86245400    1.08910596 
   0.83370984    1.05147874 
   0.80779594    1.01755643 
   0.78443348    0.98697418 
   0.76337135    0.95940310 
   0.74438304    0.93454665 
   0.72726435    0.91213769 
   0.71183121    0.89193505 
   0.69791758    0.87372166 
   0.68537396    0.85730159 
   0.67406535    0.84249824 
   0.66387027    0.82915246 
   0.65467894    0.81712073 
   0.64639264    0.80627364 
   0.63892227    0.79649454 
   0.63218737    0.78767836 
   0.92208546    1.10833287 
   0.88920259    1.06737816 
   0.85955733    1.03045583 
   0.83283102    0.99716902 
   0.80873626    0.96715963 
   0.78701389    0.94010502 
   0.76743030    0.91571426 
   0.74977493    0.89372504 
   0.73385799    0.87390089 
   0.71950823    0.85602868 
   0.70657134    0.83991617 
   0.69490826    0.82539016 
   0.68439352    0.81229436 
   0.67491412    0.80048805 
   0.66636807    0.78984416 
   0.65866345    0.78024828 
   0.65171748    0.77159721 
   0.94926721    1.08514261 
   0.91540396    1.04499364 
   0.88487488    1.00879776 
   0.85735178    0.97616577 
   0.83253866    0.94674683 
   0.81016868    0.92022449 
   0.79000127    0.89631361 
   0.77181953    0.87475699 
   0.75542802    0.85532290 
   0.74065048    0.83780229 
   0.72732788    0.82200682 
   0.71531713    0.80776656 
   0.70448893    0.79492843 
   0.69472688    0.78335440 
   0.68592602    0.77291989 
   0.67799175    0.76351285 
   0.67083865    0.75503200 
   0.97586590    1.06128585 
   0.94104201    1.02196598 
   0.90964693    0.98651773 
   0.88134307    0.95455974 
   0.85582602    0.92574835 
   0.83282143    0.89977378 
   0.81208193    0.87635672 
   0.79338443    0.85524535 
   0.77652794    0.83621263 
   0.76133114    0.81905389 
   0.74763066    0.80358463 
   0.73527914    0.78963846 
   0.72414380    0.77706552 
   0.71410483    0.76573044 
   0.70505428    0.75551152 
   0.69689494    0.74629873 
   0.68953896    0.73799300 
   1.00186527    1.03677726 
   0.96610099    0.99830961 
   0.93385816    0.96362960 
   0.90478998    0.93236417 
   0.87858391    0.90417725 
   0.85495818    0.87876558 
   0.83365858    0.85585606 
   0.81445622    0.83520222 
   0.79714453    0.81658196 
   0.78153741    0.79979509 
   0.76746696    0.78466106 
   0.75478190    0.77101719 
   0.74334586    0.75871670 
   0.73303580    0.74762732 
   0.72374094    0.73762983 
   0.71536124    0.72861671 
   0.70780659    0.72049105 
   1.02724922    1.01163185 
   0.99056548    0.97403890 
   0.95749366    0.94014740 
   0.92767811    0.90959287 
   0.90079826    0.88204676 
   0.87656510    0.85721296 
   0.85471791    0.83482426 
   0.83502179    0.81463999 
   0.81726503    0.79644311 
   0.80125666    0.78003794 
   0.78682447    0.76524800 
   0.77381325    0.75191432 
   0.76208317    0.73989356 
   0.75150806    0.72905630 
   0.74197417    0.71928608 
   0.73337901    0.71047789 
   0.72563011    0.70253700 
   1.05200231    0.98586529 
   1.01442039    0.94916886 
   0.98053884    0.91608560 
   0.94999331    0.88625979 
   0.92245537    0.85937071 
   0.89762884    0.83512914 
   0.87524676    0.81327444 
   0.85506845    0.79357153 
   0.83687693    0.77580869 
   0.82047653    0.75979471 
   0.80569100    0.74535757 
   0.79236126    0.73234189 
   0.78034395    0.72060776 
   0.76950991    0.71002901 
   0.75974262    0.70049185 
   0.75093698    0.69189370 
   0.74299842    0.68414217 
   1.07643247    0.95913112 
   1.03793585    0.92339575 
   1.00322974    0.89117897 
   0.97194070    0.86213428 
   0.94373250    0.83594936 
   0.91830176    0.81234264 
   0.89537489    0.79106033 
   0.87470549    0.77187341 
   0.85607117    0.75457573 
   0.83927166    0.73898119 
   0.82412624    0.72492212 
   0.81047207    0.71224731 
   0.79816234    0.70082051 
   0.78706461    0.69051880 
   0.77705956    0.68123138 
   0.76803964    0.67285842 
   0.75990784    0.66530991 
   1.10016334    0.93181604 
   1.06075835    0.89708638 
   1.02523327    0.86577624 
   0.99320614    0.83754891 
   0.96433234    0.81210095 
   0.93830156    0.78915858 
   0.91483378    0.76847517 
   0.89367670    0.74982828 
   0.87460273    0.73301739 
   0.85740686    0.71786171 
   0.84190410    0.70419830 
   0.82792777    0.69188017 
   0.81532753    0.68077493 
   0.80396795    0.67076313 
   0.79372686    0.66173714 
   0.78449416    0.65359980 
   0.77617049    0.64626372 
   1.12320113    0.90391403 
   1.08291411    0.87021309 
   1.04659390    0.83983040 
   1.01384974    0.81243926 
   0.98432970    0.78774506 
   0.95771617    0.76548231 
   0.93372309    0.74541152 
   0.91209239    0.72731698 
   0.89259148    0.71100408 
   0.87501067    0.69629729 
   0.85916090    0.68303859 
   0.84487170    0.67108542 
   0.83198947    0.66030914 
   0.82037556    0.65059388 
   0.80990523    0.64183521 
   0.80046582    0.63393891 
   0.79195583    0.62682015 
   1.14553154    0.87544268 
   1.10438931    0.84279287 
   1.06729805    0.81335777 
   1.03385878    0.78682089 
   1.00371194    0.76289690 
   0.97653353    0.74132848 
   0.95203108    0.72188377 
   0.92994118    0.70435357 
   0.91002631    0.68854940 
   0.89207226    0.67430139 
   0.87588602    0.66145623 
   0.86129349    0.64987582 
   0.84813774    0.63943565 
   0.83627737    0.63002342 
   0.82558471    0.62153792 
   0.81594491    0.61388791 
   0.80725426    0.60699117 
   1.16714036    0.84641987 
   1.12517035    0.81484282 
   1.08733261    0.78637487 
   1.05322051    0.76070994 
   1.02246714    0.73757207 
   0.99474180    0.71671230 
   0.96974635    0.69790649 
   0.94721198    0.68095225 
   0.92689633    0.66566742 
   0.90858102    0.65188754 
   0.89206910    0.63946444 
   0.87718290    0.62826449 
   0.86376244    0.61816734 
   0.85166341    0.60906440 
   0.84075564    0.60085773 
   0.83092189    0.59345907 
   0.82205635    0.58678895 
   1.18801415    0.81686389 
   1.14524412    0.78638059 
   1.10668528    0.75889874 
   1.07192302    0.73412275 
   1.04058349    0.71178627 
   1.01232970    0.69164908 
   0.98685783    0.67349464 
   0.96389395    0.65712768 
   0.94319117    0.64237225 
   0.92452675    0.62906963 
   0.90770012    0.61707687 
   0.89253020    0.60626489 
   0.87885398    0.59651744 
   0.86652434    0.58772981 
   0.85540867    0.57980740 
   0.84538746    0.57266504 
   0.83635294    0.56622589 
   1.20813954    0.78679341 
   1.16459799    0.75742406 
   1.12534368    0.73094654 
   1.08995450    0.70707595 
   1.05804968    0.68555576 
   1.02928627    0.66615444 
   1.00335491    0.64866340 
   0.97997683    0.63289458 
   0.95890057    0.61867839 
   0.93989956    0.60586190 
   0.92276937    0.59430736 
   0.90732586    0.58389050 
   0.89340293    0.57449931 
   0.88085091    0.56603277 
   0.86953473    0.55839986 
   0.85933280    0.55151850 
   0.85013533    0.54531473 
   1.22750401    0.75622731 
   1.18322003    0.72799146 
   1.14329636    0.70253575 
   1.10730362    0.67958647 
   1.07485473    0.65889680 
   1.04560077    0.64024425 
   1.01922727    0.62342829 
   0.99545056    0.60826802 
   0.97401494    0.59460050 
   0.95468986    0.58227867 
   0.93726760    0.57117009 
   0.92156070    0.56115526 
   0.90740037    0.55212647 
   0.89463431    0.54398668 
   0.88312519    0.53664839 
   0.87274927    0.53003263 
   0.86339498    0.52406824 
   1.24609530    0.72518486 
   1.20109832    0.69810128 
   1.16053176    0.67368430 
   1.12395954    0.65167153 
   1.09098816    0.63182616 
   1.06126332    0.61393476 
   1.03446507    0.59780496 
   1.01030552    0.58326340 
   0.98852480    0.57015353 
   0.96888858    0.55833453 
   0.95118576    0.54767924 
   0.93522602    0.53807312 
   0.92083770    0.52941275 
   0.90786606    0.52160513 
   0.89617163    0.51456630 
   0.88562864    0.50822049 
   0.87612373    0.50249952 
   1.26390171    0.69368565 
   1.21822166    0.66777223 
   1.17703927    0.64441031 
   1.13991177    0.62334859 
   1.10643995    0.60436064 
   1.07626379    0.58724230 
   1.04905891    0.57180941 
   1.02453256    0.55789614 
   1.00242114    0.54535276 
   0.98248684    0.53404438 
   0.96451533    0.52384949 
   0.94831330    0.51465839 
   0.93370652    0.50637221 
   0.92053795    0.49890196 
   0.90866601    0.49216721 
   0.89796299    0.48609561 
   0.88831377    0.48062179 
   1.28091192    0.66174948 
   1.23457921    0.63702345 
   1.19280851    0.61473203 
   1.15515053    0.59463537 
   1.12120044    0.57651752 
   1.09059310    0.56018353 
   1.06299949    0.54545784 
   1.03812277    0.53218204 
   1.01569533    0.52021343 
   0.99547625    0.50942326 
   0.97724795    0.49969548 
   0.96081442    0.49092552 
   0.94599897    0.48301905 
   0.93264222    0.47589108 
   0.92060065    0.46946496 
   0.90974468    0.46367154 
   0.89995760    0.45844856 
   1.29711545    0.62939650 
   1.25016093    0.60587430 
   1.20782948    0.58466810 
   1.16966617    0.56554991 
   1.13526034    0.54831409 
   1.10424232    0.53277534 
   1.07627821    0.51876658 
   1.05106759    0.50613713 
   1.02833927    0.49475122 
   1.00784874    0.48448637 
   0.98937577    0.47523221 
   0.97272170    0.46688923 
   0.95770734    0.45936769 
   0.94417137    0.45258677 
   0.93196821    0.44647348 
   0.92096651    0.44096214 
   0.91104811    0.43599343 
   1.31250203    0.59664708 
   1.26495671    0.57434428 
   1.22209287    0.55423742 
   1.18344951    0.53611034 
   1.14861095    0.51976806 
   1.11720264    0.50503486 
   1.08888698    0.49175233 
   1.06335914    0.47977760 
   1.04034495    0.46898195 
   1.01959670    0.45924923 
   1.00089133    0.45047483 
   0.98402774    0.44256434 
   0.96882457    0.43543273 
   0.95511836    0.42900333 
   0.94276166    0.42320698 
   0.93162161    0.41798133 
   0.92157841    0.41327021 
   1.32706177    0.56352180 
   1.27895749    0.54245323 
   1.23558974    0.52345908 
   1.19649196    0.50633514 
   1.16124392    0.49089721 
   1.12946630    0.47697935 
   1.10081768    0.46443185 
   1.07498980    0.45311981 
   1.05170488    0.44292158 
   1.03071272    0.43372747 
   1.01178753    0.42543861 
   0.99472565    0.41796589 
   0.97934371    0.41122896 
   0.96547633    0.40515536 
   0.95297432    0.39967975 
   0.94170332    0.39474329 
   0.93154204    0.39029288 
   1.34078562    0.53004158 
   1.29215443    0.51022118 
   1.24831152    0.49235237 
   1.20878541    0.47624293 
   1.17315114    0.46171963 
   1.14102554    0.44862634 
   1.11206293    0.43682221 
   1.08595216    0.42618033 
   1.06241214    0.41658628 
   1.04119003    0.40793687 
   1.02205741    0.40013909 
   1.00480866    0.39310911 
   0.98925829    0.38677129 
   0.97523898    0.38105753 
   0.96259999    0.37590632 
   0.95120549    0.37126231 
   0.94093293    0.36707559 
   1.35366499    0.49622750 
   1.30453920    0.47766846 
   1.26025033    0.46093679 
   1.22032225    0.44585255 
   1.18432546    0.43225351 
   1.15187299    0.41999346 
   1.12261593    0.40894055 
   1.09623945    0.39897594 
   1.07246017    0.38999245 
   1.05102217    0.38189346 
   1.03169489    0.37459195 
   1.01427066    0.36800933 
   0.99856210    0.36207485 
   0.98440021    0.35672471 
   0.97163272    0.35190132 
   0.96012229    0.34755287 
   0.94974524    0.34363255 
   1.36569178    0.46210083 
   1.31610394    0.44481549 
   1.27139866    0.42923209 
   1.23109508    0.41518304 
   1.19475973    0.40251729 
   1.16200221    0.39109862 
   1.13246989    0.38080427 
   1.10584545    0.37152350 
   1.08184242    0.36315653 
   1.06020284    0.35561338 
   1.04069388    0.34881294 
   1.02310586    0.34268209 
   1.00724947    0.33715487 
   0.99295443    0.33217189 
   0.98006684    0.32767955 
   0.96844822    0.32362950 
   0.95797354    0.31997824 
   1.37685835    0.42768312 
   1.32684147    0.41168290 
   1.28174937    0.39725810 
   1.24109709    0.38425359 
   1.20444751    0.37252954 
   1.17140651    0.36195985 
   1.14161885    0.35243085 
   1.11476398    0.34384009 
   1.09055340    0.33609518 
   1.06872654    0.32911289 
   1.04904878    0.32281804 
   1.03130865    0.31714302 
   1.01531506    0.31202674 
   1.00089633    0.30741423 
   0.98789728    0.30325589 
   0.97617811    0.29950696 
   0.96561289    0.29612717 
   1.38715768    0.39299598 
   1.33674502    0.37829155 
   1.29129624    0.36503494 
   1.25032234    0.35308358 
   1.21338272    0.34230900 
   1.18008029    0.33259526 
   1.15005696    0.32383797 
   1.12298965    0.31594294 
   1.09858739    0.30882525 
   1.07658792    0.30240840 
   1.05675447    0.29662335 
   1.03887391    0.29140791 
   1.02275395    0.28670600 
   1.00822103    0.28246704 
   0.99511915    0.27864543 
   0.98330730    0.27520013 
   0.97265846    0.27209404 
   1.39658320    0.35806131 
   1.34580839    0.34466240 
   1.30003297    0.33258277 
   1.25876474    0.32169253 
   1.22155976    0.31187454 
   1.18801808    0.30302325 
   1.15777898    0.29504347 
   1.13051724    0.28784940 
   1.10593975    0.28136367 
   1.08378220    0.27551651 
   1.06380618    0.27024508 
   1.04579723    0.26549268 
   1.02956128    0.26120824 
   1.01492405    0.25734562 
   1.00172806    0.25386330 
   0.98983133    0.25072390 
   0.97910595    0.24789359 
   1.40512908    0.32290110 
   1.35402584    0.31081662 
   1.30795443    0.29992199 
   1.26641917    0.29010007 
   1.22897351    0.28124520 
   1.19521487    0.27326220 
   1.16478014    0.26606524 
   1.13734210    0.25957689 
   1.11260557    0.25372741 
   1.09030473    0.24845386 
   1.07019961    0.24369955 
   1.05207407    0.23941337 
   1.03573322    0.23554920 
   1.02100122    0.23206550 
   1.00771987    0.22892481 
   0.99574614    0.22609337 
   0.98495144    0.22354071 
   1.41278994    0.28753752 
   1.36139226    0.27677545 
   1.31505537    0.26707307 
   1.27328074    0.25832596 
   1.23561943    0.25044012 
   1.20166624    0.24333073 
   1.17105615    0.23692134 
   1.14346004    0.23114303 
   1.11858094    0.22593366 
   1.09615159    0.22123721 
   1.07593060    0.21700318 
   1.05770063    0.21318604 
   1.04126561    0.20974475 
   1.02644885    0.20664229 
   1.01309085    0.20384529 
   1.00104821    0.20132370 
   0.99019128    0.19905038 
   1.41956091    0.25199279 
   1.36790299    0.24256033 
   1.32133138    0.23405659 
   1.27934527    0.22639014 
   1.24149323    0.21947853 
   1.20736814    0.21324746 
   1.17660308    0.20762992 
   1.14886713    0.20256548 
   1.12386215    0.19799969 
   1.10131919    0.19388346 
   1.08099580    0.19017251 
   1.06267345    0.18682696 
   1.04615521    0.18381081 
   1.03126347    0.18109164 
   1.01783788    0.17864019 
   1.00573421    0.17643012 
   0.99482226    0.17443766 
   1.42543769    0.21628936 
   1.37355387    0.20819272 
   1.32677865    0.20089330 
   1.28460884    0.19431257 
   1.24659133    0.18837981 
   1.21231699    0.18303119 
   1.18141735    0.17820920 
   1.15356004    0.17386199 
   1.12844574    0.16994283 
   1.10580420    0.16640954 
   1.08539200    0.16322415 
   1.06698954    0.16035239 
   1.05039907    0.15776339 
   1.03544211    0.15542930 
   1.02195776    0.15332505 
   1.00980127    0.15142797 
   0.99884158    0.14971769 
   1.43041658    0.18044967 
   1.37834144    0.17369425 
   1.33139360    0.16760397 
   1.28906834    0.16211335 
   1.25091040    0.15716337 
   1.21650970    0.15270074 
   1.18549597    0.14867753 
   1.15753603    0.14505044 
   1.13232899    0.14178048 
   1.10960400    0.13883248 
   1.08911645    0.13617475 
   1.07064605    0.13377871 
   1.05399442    0.13161857 
   1.03898227    0.12967114 
   1.02544820    0.12791544 
   1.01324677    0.12633263 
   1.00224674    0.12490565 
   1.43449461    0.14449632 
   1.38226259    0.13908659 
   1.33517349    0.13420953 
   1.29272068    0.12981266 
   1.25444794    0.12584870 
   1.21994364    0.12227505 
   1.18883657    0.11905327 
   1.16079247    0.11614870 
   1.13550961    0.11353013 
   1.11271608    0.11116938 
   1.09216690    0.10904107 
   1.07364094    0.10712232 
   1.05693913    0.10539250 
   1.04188180    0.10383300 
   1.02830696    0.10242704 
   1.01606882    0.10115952 
   1.00503564    0.10001680 
   1.43766904    0.10845196 
   1.38531494    0.10439152 
   1.33811581    0.10073087 
   1.29556394    0.09743067 
   1.25720167    0.09445541 
   1.22261667    0.09177309 
   1.19143701    0.08935487 
   1.16332734    0.08717477 
   1.13798535    0.08520931 
   1.11513865    0.08343738 
   1.09454131    0.08183991 
   1.07597220    0.08039974 
   1.05923128    0.07910136 
   1.04413879    0.07793083 
   1.03053224    0.07687555 
   1.01826549    0.07592417 
   1.00720656    0.07506646 
   1.43993795    0.07233927 
   1.38749659    0.06963082 
   1.34021878    0.06718905 
   1.29759598    0.06498769 
   1.25916982    0.06300308 
   1.22452724    0.06121388 
   1.19329560    0.05960085 
   1.16513908    0.05814663 
   1.13975489    0.05683561 
   1.11687005    0.05565367 
   1.09623849    0.05458810 
   1.07763839    0.05362745 
   1.06086957    0.05276139 
   1.04575193    0.05198060 
   1.03212273    0.05127669 
   1.01983559    0.05064208 
   1.00875819    0.05006997 
   1.44129980    0.03618103 
   1.38880610    0.03482636 
   1.34148109    0.03360506 
   1.29881573    0.03250402 
   1.26035130    0.03151139 
   1.22567403    0.03061649 
   1.19441128    0.02980970 
   1.16622663    0.02908236 
   1.14081705    0.02842662 
   1.11790931    0.02783546 
   1.09725714    0.02730250 
   1.07863843    0.02682201 
   1.06185293    0.02638884 
   1.04672027    0.02599831 
   1.03307748    0.02564624 
   1.02077794    0.02532884 
   1.00968945    0.02504268